0.000000	10.001730
1.000000	9.943412
2.000000	9.957992
3.000000	9.972571
4.000000	9.957992
5.000000	9.957992
6.000000	9.957992
7.000000	9.943412
8.000000	9.928832
9.000000	9.972571
10.000000	9.957992
11.000000	9.943412
12.000000	9.593502
13.000000	8.223022
14.000000	6.269359
15.000000	6.079825
16.000000	6.065245
17.000000	5.992347
18.000000	5.773654
19.000000	4.621867
20.000000	3.397183
21.000000	3.193069
22.000000	3.149330
23.000000	3.134751
24.000000	3.091012
25.000000	5.365426
26.000000	6.123563
27.000000	5.686176
28.000000	4.884300
29.000000	6.036086
30.000000	6.181882
31.000000	6.167302
32.000000	6.181882
33.000000	6.167302
34.000000	6.167302
35.000000	6.181882
36.000000	6.152723
37.000000	6.167302
38.000000	6.167302
39.000000	6.167302
40.000000	6.123563
41.000000	6.152723
42.000000	6.123563
43.000000	6.123563
44.000000	6.138143
45.000000	6.094404
46.000000	6.123563
47.000000	6.094404
48.000000	6.079825
49.000000	6.079825
50.000000	6.079825
51.000000	6.079825
52.000000	6.065245
53.000000	6.050666
54.000000	6.050666
55.000000	6.021506
56.000000	6.021506
57.000000	6.021506
58.000000	6.006927
59.000000	6.021506
60.000000	6.021506
61.000000	6.006927
62.000000	5.977768
63.000000	5.992347
64.000000	5.963188
65.000000	5.992347
66.000000	5.948609
67.000000	5.963188
68.000000	5.948609
69.000000	5.948609
70.000000	5.934029
71.000000	5.934029
72.000000	5.919449
73.000000	5.919449
74.000000	5.948609
75.000000	5.919449
76.000000	5.919449
77.000000	5.890290
78.000000	5.904870
79.000000	5.904870
80.000000	5.890290
81.000000	5.875711
82.000000	5.861131
83.000000	5.861131
84.000000	5.846552
85.000000	5.875711
86.000000	5.846552
87.000000	5.831972
88.000000	5.831972
89.000000	5.817392
90.000000	5.788233
91.000000	5.817392
92.000000	5.831972
93.000000	5.773654
94.000000	5.802813
95.000000	5.773654
96.000000	5.773654
97.000000	5.773654
98.000000	5.773654
99.000000	5.759074
100.000000	5.744495
101.000000	5.744495
102.000000	5.773654
103.000000	5.729915
104.000000	5.729915
105.000000	5.729915
106.000000	5.729915
107.000000	5.744495
108.000000	5.729915
109.000000	5.715335
110.000000	5.715335
111.000000	5.700756
112.000000	5.700756
113.000000	5.686176
114.000000	5.700756
115.000000	5.715335
116.000000	5.657017
117.000000	5.657017
118.000000	5.671597
119.000000	5.657017
120.000000	5.671597
121.000000	5.613278
122.000000	5.657017
123.000000	5.627858
124.000000	5.642438
125.000000	5.627858
126.000000	5.627858
127.000000	5.613278
128.000000	5.627858
129.000000	5.584119
130.000000	5.598699
131.000000	5.598699
132.000000	5.598699
133.000000	5.598699
134.000000	5.584119
135.000000	5.569540
136.000000	5.569540
137.000000	5.584119
138.000000	5.554960
139.000000	5.613278
140.000000	5.540380
141.000000	5.540380
142.000000	5.540380
143.000000	5.525801
144.000000	5.540380
145.000000	5.540380
146.000000	5.525801
147.000000	5.540380
148.000000	5.511221
149.000000	5.496642
150.000000	5.496642
151.000000	5.525801
152.000000	5.482062
153.000000	5.496642
154.000000	5.482062
155.000000	5.482062
156.000000	5.482062
157.000000	5.467483
158.000000	5.482062
159.000000	5.467483
160.000000	5.482062
161.000000	5.438323
162.000000	5.467483
163.000000	5.452903
164.000000	5.438323
165.000000	5.452903
166.000000	5.423744
167.000000	5.438323
168.000000	5.423744
169.000000	5.394585
170.000000	5.409164
171.000000	5.380005
172.000000	5.380005
173.000000	5.394585
174.000000	5.394585
175.000000	5.380005
176.000000	5.409164
177.000000	5.394585
178.000000	5.394585
179.000000	5.365426
180.000000	5.394585
181.000000	5.365426
182.000000	5.365426
183.000000	5.350846
184.000000	5.350846
185.000000	5.336266
186.000000	5.336266
187.000000	5.336266
188.000000	5.336266
189.000000	5.336266
190.000000	5.336266
191.000000	5.336266
192.000000	5.321687
193.000000	5.307107
194.000000	5.321687
195.000000	5.307107
196.000000	5.350846
197.000000	5.292528
198.000000	5.292528
199.000000	5.292528
200.000000	5.292528
201.000000	5.307107
202.000000	5.277948
203.000000	5.248789
204.000000	5.292528
205.000000	5.277948
206.000000	5.263369
207.000000	5.292528
208.000000	5.263369
209.000000	5.248789
210.000000	5.263369
211.000000	5.277948
212.000000	5.248789
213.000000	5.248789
214.000000	5.263369
215.000000	5.248789
216.000000	5.234209
217.000000	5.248789
218.000000	5.234209
219.000000	5.205050
220.000000	5.234209
221.000000	5.219630
222.000000	5.219630
223.000000	5.175891
224.000000	5.205050
225.000000	5.190471
226.000000	5.190471
227.000000	5.205050
228.000000	5.190471
229.000000	5.175891
230.000000	5.219630
231.000000	5.175891
232.000000	5.190471
233.000000	5.175891
234.000000	5.161312
235.000000	5.161312
236.000000	5.161312
237.000000	5.161312
238.000000	5.175891
239.000000	5.146732
240.000000	5.146732
241.000000	5.146732
242.000000	5.132152
243.000000	5.146732
244.000000	5.117573
245.000000	5.146732
246.000000	5.146732
247.000000	5.132152
248.000000	5.117573
249.000000	5.102993
250.000000	5.102993
251.000000	5.117573
252.000000	5.117573
253.000000	5.117573
254.000000	5.102993
255.000000	5.102993
256.000000	5.117573
257.000000	5.117573
258.000000	5.088414
259.000000	5.088414
260.000000	5.073834
261.000000	5.073834
262.000000	5.088414
263.000000	5.059255
264.000000	5.073834
265.000000	5.073834
266.000000	5.073834
267.000000	5.059255
268.000000	5.044675
269.000000	5.044675
270.000000	5.059255
271.000000	5.059255
272.000000	5.044675
273.000000	5.059255
274.000000	5.030095
275.000000	5.015516
276.000000	5.030095
277.000000	5.030095
278.000000	5.015516
279.015625	5.015516
280.015625	5.015516
281.015625	5.044675
282.015625	5.015516
283.015625	5.015516
284.015625	5.000936
285.015625	5.030095
286.015625	5.015516
287.015625	5.015516
288.015625	5.000936
289.015625	5.000936
290.015625	4.986357
291.015625	5.000936
292.015625	5.015516
293.015625	4.986357
294.031250	4.957198
295.031250	4.957198
296.031250	4.971777
297.031250	4.971777
298.031250	4.971777
299.031250	4.957198
300.031250	4.986357
301.031250	4.971777
302.031250	4.957198
303.031250	4.957198
304.031250	4.957198
305.031250	4.913459
306.031250	4.942618
307.031250	4.928038
308.031250	4.913459
309.031250	4.913459
310.031250	4.913459
311.031250	4.913459
312.031250	4.942618
313.031250	4.928038
314.031250	4.928038
315.031250	4.928038
316.031250	4.913459
317.031250	4.928038
318.031250	4.928038
319.031250	4.913459
320.031250	4.884300
321.031250	4.898879
322.031250	4.913459
323.031250	4.898879
324.031250	4.898879
325.031250	4.855140
326.031250	4.898879
327.031250	4.884300
328.031250	4.884300
329.031250	4.855140
330.031250	4.884300
331.031250	4.840561
332.031250	4.869720
333.031250	4.869720
334.031250	4.855140
335.031250	4.855140
336.031250	4.855140
337.031250	4.884300
338.031250	4.898879
339.031250	4.884300
340.031250	4.825981
341.031250	4.869720
342.031250	4.840561
343.031250	4.855140
344.031250	4.855140
345.031250	4.855140
346.031250	4.855140
347.031250	4.825981
348.031250	4.884300
349.031250	4.825981
350.031250	4.825981
351.031250	4.796822
352.031250	4.811402
353.031250	4.825981
354.031250	4.825981
355.031250	4.825981
356.031250	4.796822
357.031250	4.811402
358.031250	4.796822
359.031250	4.811402
360.031250	4.796822
361.031250	4.767663
362.031250	4.767663
363.031250	4.796822
364.031250	4.782243
365.031250	4.767663
366.031250	4.796822
367.031250	4.782243
368.031250	4.782243
369.031250	4.796822
370.031250	4.782243
371.031250	4.782243
372.031250	4.782243
373.031250	4.782243
374.031250	4.753083
375.031250	4.767663
376.031250	4.753083
377.031250	4.782243
378.031250	4.767663
379.031250	4.767663
380.031250	4.767663
381.031250	4.767663
382.031250	4.767663
383.031250	4.723924
384.031250	4.723924
385.031250	4.782243
386.031250	4.738504
387.031250	4.738504
388.031250	4.767663
389.031250	4.738504
390.031250	4.723924
391.031250	4.709345
392.031250	4.709345
393.031250	4.723924
394.031250	4.723924
395.031250	4.709345
396.031250	4.709345
397.031250	4.723924
398.031250	4.709345
399.031250	4.709345
400.031250	4.694765
401.031250	4.709345
402.031250	4.709345
403.031250	4.694765
404.031250	4.709345
405.031250	4.709345
406.031250	4.694765
407.031250	4.694765
408.031250	4.694765
409.031250	4.651026
410.031250	4.709345
411.031250	4.694765
412.031250	4.694765
413.031250	4.694765
414.031250	4.694765
415.031250	4.680186
416.031250	4.680186
417.031250	4.665606
418.031250	4.694765
419.031250	4.680186
420.031250	4.665606
421.031250	4.709345
422.031250	4.665606
423.031250	4.680186
424.031250	4.636447
425.031250	4.694765
426.031250	4.636447
427.031250	4.636447
428.031250	4.651026
429.031250	4.665606
430.031250	4.621867
431.031250	4.636447
432.031250	4.636447
433.031250	4.636447
434.031250	4.621867
435.031250	4.636447
436.031250	4.636447
437.031250	4.621867
438.031250	4.636447
439.031250	4.607288
440.031250	4.636447
441.031250	4.651026
442.031250	4.636447
443.031250	4.636447
444.031250	4.592708
445.031250	4.651026
446.031250	4.607288
447.031250	4.636447
448.031250	4.607288
449.031250	4.607288
450.031250	4.607288
451.031250	4.607288
452.031250	4.621867
453.031250	4.607288
454.031250	4.607288
455.031250	4.607288
456.031250	4.592708
457.031250	4.592708
458.031250	4.621867
459.031250	4.607288
460.031250	4.592708
461.031250	4.578129
462.031250	4.563549
463.031250	4.592708
464.031250	4.592708
465.031250	4.563549
466.031250	4.578129
467.031250	4.563549
468.031250	4.578129
469.031250	4.563549
470.031250	4.578129
471.031250	4.578129
472.031250	4.592708
473.031250	4.592708
474.031250	4.563549
475.031250	4.578129
476.031250	4.563549
477.031250	4.548969
478.031250	4.578129
479.031250	4.548969
480.031250	4.548969
481.031250	4.548969
482.031250	4.548969
483.031250	4.548969
484.031250	4.534390
485.031250	4.519810
486.031250	4.548969
487.031250	4.548969
488.031250	4.563549
489.031250	4.534390
490.031250	4.534390
491.031250	4.534390
492.031250	4.519810
493.031250	4.534390
494.031250	4.534390
495.031250	4.534390
496.031250	4.534390
497.031250	4.519810
498.031250	4.534390
499.031250	4.519810
500.031250	4.534390
501.031250	4.534390
502.031250	4.505231
503.031250	4.490651
504.031250	4.490651
505.031250	4.490651
506.031250	4.505231
507.031250	4.505231
508.031250	4.505231
509.031250	4.490651
510.031250	4.490651
511.031250	4.505231
512.031250	4.505231
513.031250	4.490651
514.031250	4.490651
515.031250	4.490651
516.031250	4.476072
517.031250	4.519810
518.031250	4.490651
519.031250	4.476072
520.031250	4.461492
521.031250	4.490651
522.031250	4.490651
523.031250	4.490651
524.031250	4.461492
525.031250	4.490651
526.031250	4.490651
527.031250	4.490651
528.031250	4.476072
529.031250	4.461492
530.031250	4.461492
531.031250	4.476072
532.031250	4.476072
533.031250	4.476072
534.031250	4.490651
535.031250	4.476072
536.031250	4.461492
537.031250	4.432333
538.031250	4.446912
539.031250	4.446912
540.031250	4.446912
541.031250	4.461492
542.031250	4.476072
543.031250	4.432333
544.031250	4.432333
545.031250	4.476072
546.031250	4.461492
547.031250	4.446912
548.031250	4.446912
549.031250	4.417753
550.031250	4.432333
551.031250	4.432333
552.031250	4.432333
553.031250	4.432333
554.031250	4.417753
555.031250	4.446912
556.031250	4.432333
557.031250	4.417753
558.031250	4.432333
559.031250	4.403174
560.031250	4.432333
561.031250	4.446912
562.031250	4.446912
563.031250	4.432333
564.031250	4.432333
565.031250	4.432333
566.031250	4.432333
567.031250	4.446912
568.031250	4.417753
569.031250	4.403174
570.031250	4.417753
571.031250	4.417753
572.031250	4.403174
573.031250	4.417753
574.031250	4.388594
575.031250	4.403174
576.031250	4.417753
577.031250	4.403174
578.031250	4.403174
579.031250	4.374015
580.031250	4.388594
581.031250	4.374015
582.031250	4.374015
583.031250	4.403174
584.031250	4.359435
585.031250	4.388594
586.031250	4.403174
587.031250	4.417753
588.031250	4.417753
589.031250	4.388594
590.031250	4.403174
591.031250	4.374015
592.031250	4.388594
593.031250	4.388594
594.031250	4.388594
595.031250	4.374015
596.031250	4.403174
597.031250	4.374015
598.031250	4.374015
599.031250	4.359435
600.031250	4.374015
601.031250	4.374015
602.031250	4.388594
603.031250	4.359435
604.031250	4.359435
605.031250	4.344855
606.031250	4.344855
607.031250	4.359435
608.031250	4.359435
609.031250	4.374015
610.031250	4.359435
611.031250	4.344855
612.031250	4.344855
613.031250	4.374015
614.031250	4.330276
615.031250	4.374015
616.031250	4.344855
617.031250	4.344855
618.031250	4.359435
619.031250	4.359435
620.031250	4.330276
621.031250	4.344855
622.031250	4.359435
623.031250	4.344855
624.031250	4.344855
625.031250	4.344855
626.031250	4.315696
627.031250	4.330276
628.031250	4.315696
629.031250	4.344855
630.031250	4.315696
631.031250	4.330276
632.031250	4.315696
633.031250	4.315696
634.046875	4.330276
635.046875	4.330276
636.046875	4.344855
637.046875	4.359435
638.046875	4.315696
639.046875	4.315696
640.046875	4.330276
641.046875	4.344855
642.046875	4.330276
643.046875	4.330276
644.046875	4.315696
645.046875	4.315696
646.046875	4.315696
647.046875	4.344855
648.046875	4.330276
649.062500	4.315696
650.062500	4.301117
651.062500	4.301117
652.062500	4.315696
653.062500	4.315696
654.062500	4.315696
655.062500	4.330276
656.062500	4.315696
657.062500	4.315696
658.062500	4.301117
659.062500	4.330276
660.062500	4.315696
661.062500	4.301117
662.062500	4.315696
663.062500	4.315696
664.062500	4.315696
665.078125	4.301117
666.078125	4.301117
667.078125	4.301117
668.078125	4.301117
669.078125	4.301117
670.078125	4.286537
671.078125	4.286537
672.078125	4.271957
673.078125	4.271957
674.078125	4.271957
675.078125	4.301117
676.078125	4.315696
677.078125	4.271957
678.078125	4.301117
679.078125	4.286537
680.078125	4.301117
681.078125	4.315696
682.078125	4.271957
683.078125	4.257378
684.078125	4.257378
685.078125	4.257378
686.078125	4.257378
687.078125	4.257378
688.078125	4.257378
689.078125	4.271957
690.078125	4.257378
691.078125	4.257378
692.078125	4.242798
693.078125	4.257378
694.078125	4.257378
695.078125	4.271957
696.078125	4.257378
697.078125	4.257378
698.078125	4.257378
699.078125	4.286537
700.078125	4.286537
701.078125	4.257378
702.078125	4.257378
703.078125	4.257378
704.078125	4.257378
705.078125	4.242798
706.078125	4.257378
707.078125	4.271957
708.078125	4.257378
709.078125	4.257378
710.078125	4.228219
711.078125	4.242798
712.078125	4.242798
713.078125	4.242798
714.078125	4.242798
715.078125	4.228219
716.078125	4.228219
717.078125	4.242798
718.078125	4.228219
719.078125	4.257378
720.078125	4.242798
721.078125	4.242798
722.078125	4.242798
723.078125	4.242798
724.078125	4.257378
725.078125	4.242798
726.078125	4.242798
727.078125	4.199060
728.078125	4.213639
729.078125	4.228219
730.078125	4.228219
731.078125	4.228219
732.078125	4.242798
733.078125	4.228219
734.078125	4.242798
735.078125	4.228219
736.078125	4.257378
737.078125	4.242798
738.078125	4.228219
739.078125	4.228219
740.078125	4.257378
741.078125	4.213639
742.078125	4.242798
743.078125	4.228219
744.078125	4.213639
745.078125	4.228219
746.078125	4.213639
747.078125	4.199060
748.078125	4.184480
749.078125	4.257378
750.078125	4.213639
751.078125	4.213639
752.078125	4.199060
753.078125	4.213639
754.078125	4.199060
755.078125	4.213639
756.078125	4.184480
757.078125	4.169900
758.078125	4.184480
759.078125	4.184480
760.078125	4.199060
761.078125	4.199060
762.078125	4.169900
763.078125	4.169900
764.078125	4.184480
765.078125	4.199060
766.078125	4.169900
767.078125	4.199060
768.078125	4.184480
769.078125	4.199060
770.078125	4.199060
771.078125	4.199060
772.078125	4.199060
773.078125	4.199060
774.078125	4.199060
775.078125	4.184480
776.078125	4.184480
777.078125	4.184480
778.078125	4.199060
779.078125	4.184480
780.078125	4.184480
781.078125	4.184480
782.078125	4.184480
783.078125	4.199060
784.078125	4.199060
785.078125	4.169900
786.078125	4.169900
787.078125	4.155321
788.078125	4.155321
789.078125	4.169900
790.078125	4.184480
791.078125	4.169900
792.078125	4.184480
793.078125	4.184480
794.078125	4.169900
795.078125	4.199060
796.078125	4.169900
797.078125	4.169900
798.078125	4.140741
799.078125	4.140741
800.078125	4.169900
801.078125	4.184480
802.078125	4.169900
803.078125	4.169900
804.078125	4.169900
805.078125	4.169900
806.078125	4.155321
807.078125	4.155321
808.078125	4.140741
809.078125	4.140741
810.078125	4.126162
811.078125	4.140741
812.078125	4.155321
813.078125	4.169900
814.078125	4.140741
815.078125	4.140741
816.078125	4.155321
817.078125	4.184480
818.078125	4.155321
819.078125	4.140741
820.078125	4.126162
821.078125	4.155321
822.078125	4.126162
823.078125	4.140741
824.078125	4.155321
825.078125	4.140741
826.078125	4.140741
827.078125	4.140741
828.078125	4.155321
829.078125	4.140741
830.078125	4.140741
831.078125	4.155321
832.078125	4.140741
833.078125	4.140741
834.078125	4.140741
835.078125	4.126162
836.078125	4.184480
837.078125	4.126162
838.078125	4.126162
839.078125	4.126162
840.078125	4.126162
841.078125	4.140741
842.078125	4.140741
843.078125	4.111582
844.078125	4.126162
845.078125	4.140741
846.078125	4.126162
847.078125	4.140741
848.078125	4.126162
849.078125	4.111582
850.078125	4.126162
851.078125	4.126162
852.078125	4.126162
853.078125	4.126162
854.078125	4.126162
855.078125	4.111582
856.078125	4.126162
857.078125	4.126162
858.078125	4.126162
859.078125	4.126162
860.078125	4.111582
861.078125	4.097003
862.078125	4.111582
863.078125	4.111582
864.078125	4.082423
865.078125	4.111582
866.078125	4.097003
867.078125	4.111582
868.078125	4.111582
869.078125	4.082423
870.078125	4.111582
871.078125	4.111582
872.078125	4.126162
873.078125	4.126162
874.078125	4.126162
875.078125	4.111582
876.078125	4.126162
877.078125	4.097003
878.078125	4.097003
879.078125	4.111582
880.078125	4.097003
881.078125	4.082423
882.078125	4.097003
883.078125	4.111582
884.078125	4.082423
885.078125	4.082423
886.078125	4.082423
887.078125	4.097003
888.078125	4.082423
889.078125	4.097003
890.078125	4.082423
891.078125	4.082423
892.078125	4.082423
893.078125	4.082423
894.078125	4.111582
895.078125	4.097003
896.078125	4.126162
897.078125	4.111582
898.078125	4.067843
899.078125	4.097003
900.078125	4.082423
901.078125	4.082423
902.078125	4.067843
903.078125	4.067843
904.078125	4.067843
905.078125	4.097003
906.078125	4.082423
907.078125	4.082423
908.078125	4.082423
909.078125	4.082423
910.078125	4.053264
911.078125	4.097003
912.078125	4.097003
913.078125	4.082423
914.078125	4.082423
915.078125	4.082423
916.078125	4.082423
917.078125	4.067843
918.078125	4.097003
919.078125	4.097003
920.078125	4.067843
921.078125	4.067843
922.078125	4.067843
923.078125	4.082423
924.078125	4.082423
925.078125	4.082423
926.078125	4.082423
927.078125	4.053264
928.078125	4.067843
929.078125	4.053264
930.078125	4.053264
931.078125	4.067843
932.078125	4.067843
933.078125	4.067843
934.078125	4.067843
935.078125	4.067843
936.078125	4.053264
937.078125	4.082423
938.078125	4.053264
939.078125	4.053264
940.078125	4.053264
941.078125	4.053264
942.078125	4.053264
943.078125	4.067843
944.078125	4.024105
945.078125	4.067843
946.078125	4.053264
947.078125	4.038684
948.078125	4.038684
949.078125	4.038684
950.078125	4.009525
951.078125	4.082423
952.078125	4.053264
953.078125	4.053264
954.078125	4.024105
955.078125	4.067843
956.078125	4.053264
957.078125	4.053264
958.078125	4.053264
959.078125	4.053264
960.078125	4.024105
961.078125	4.053264
962.078125	4.024105
963.078125	4.067843
964.078125	4.024105
965.078125	4.053264
966.078125	4.067843
967.078125	4.053264
968.078125	4.038684
969.078125	4.038684
970.078125	4.009525
971.078125	4.053264
972.078125	4.053264
973.078125	4.024105
974.078125	4.038684
975.078125	4.053264
976.078125	4.038684
977.078125	4.024105
978.078125	4.024105
979.078125	4.024105
980.078125	4.053264
981.078125	4.082423
982.078125	4.024105
983.078125	4.038684
984.078125	4.053264
985.078125	4.038684
986.078125	4.038684
987.078125	4.053264
988.078125	4.024105
989.078125	4.053264
990.078125	4.038684
991.078125	4.038684
992.078125	4.024105
993.078125	4.024105
994.078125	4.067843
995.078125	4.009525
996.078125	4.024105
997.078125	4.024105
998.078125	4.009525
999.078125	4.024105
1000.078125	4.009525
1001.078125	4.024105
1002.078125	4.038684
1003.078125	4.024105
1004.078125	4.024105
1005.078125	4.024105
1006.078125	4.038684
1007.078125	4.024105
1008.078125	4.024105
1009.078125	4.053264
1010.078125	4.024105
1011.078125	4.024105
1012.078125	4.024105
1013.078125	4.024105
1014.078125	4.024105
1015.078125	4.009525
1016.078125	4.024105
1017.078125	4.024105
1018.078125	4.024105
1019.078125	4.053264
1020.078125	4.038684
1021.078125	4.024105
1022.078125	4.024105
1023.078125	4.024105
1024.078125	4.038684
1025.078125	4.024105
1026.078125	4.024105
1027.078125	4.024105
1028.078125	3.994946
1029.078125	4.024105
1030.078125	4.009525
1031.078125	4.024105
1032.078125	4.024105
1033.078125	3.994946
1034.078125	4.009525
1035.078125	4.009525
1036.078125	4.009525
1037.078125	4.053264
1038.078125	4.024105
1039.078125	4.009525
1040.078125	4.024105
1041.078125	3.980366
1042.078125	4.024105
1043.078125	4.009525
1044.078125	4.024105
1045.078125	3.994946
1046.078125	4.009525
1047.078125	4.024105
1048.078125	4.024105
1049.078125	3.994946
1050.078125	3.994946
1051.078125	3.980366
1052.078125	3.965786
1053.078125	3.951207
1054.078125	3.994946
1055.078125	4.038684
1056.078125	4.009525
1057.078125	3.980366
1058.078125	4.024105
1059.078125	4.009525
1060.078125	4.009525
1061.078125	3.980366
1062.078125	3.980366
1063.078125	4.024105
1064.078125	3.980366
1065.078125	4.009525
1066.078125	3.994946
1067.078125	4.009525
1068.078125	3.994946
1069.078125	3.994946
1070.078125	3.994946
1071.078125	3.994946
1072.078125	4.009525
1073.078125	4.009525
1074.078125	3.980366
1075.078125	4.009525
1076.078125	3.980366
1077.078125	3.994946
1078.078125	3.994946
1079.078125	3.980366
1080.078125	3.980366
1081.078125	3.980366
1082.078125	3.980366
1083.078125	3.994946
1084.078125	3.980366
1085.078125	3.980366
1086.078125	3.951207
1087.078125	3.980366
1088.078125	3.965786
1089.078125	3.965786
1090.078125	3.951207
1091.078125	3.994946
1092.078125	3.980366
1093.078125	3.951207
1094.078125	3.965786
1095.078125	4.024105
1096.078125	3.994946
1097.078125	4.024105
1098.078125	3.980366
1099.078125	3.965786
1100.078125	3.980366
1101.078125	3.980366
1102.078125	3.980366
1103.078125	3.965786
1104.078125	3.965786
1105.078125	3.994946
1106.078125	3.994946
1107.078125	3.980366
1108.078125	3.980366
1109.078125	3.965786
1110.078125	3.980366
1111.078125	3.980366
1112.078125	3.965786
1113.078125	3.951207
1114.078125	3.936627
1115.078125	3.980366
1116.078125	3.965786
1117.078125	3.965786
1118.078125	3.965786
1119.078125	3.951207
1120.078125	3.980366
1121.078125	3.951207
1122.078125	3.951207
1123.078125	3.951207
1124.078125	3.936627
1125.078125	3.951207
1126.078125	3.965786
1127.078125	3.965786
1128.078125	3.994946
1129.078125	3.965786
1130.078125	3.980366
1131.078125	3.980366
1132.078125	3.980366
1133.078125	3.980366
1134.078125	3.965786
1135.078125	3.980366
1136.078125	3.965786
1137.078125	3.965786
1138.078125	3.922048
1139.078125	3.951207
1140.078125	3.965786
1141.078125	3.980366
1142.078125	3.965786
1143.078125	3.965786
1144.078125	3.951207
1145.078125	3.951207
1146.078125	3.951207
1147.078125	3.951207
1148.078125	3.936627
1149.078125	3.951207
1150.078125	3.965786
1151.078125	3.951207
1152.078125	3.951207
1153.078125	3.965786
1154.078125	3.936627
1155.078125	3.936627
1156.078125	3.951207
1157.078125	3.951207
1158.078125	3.951207
1159.078125	3.936627
1160.078125	3.922048
1161.078125	3.936627
1162.078125	3.936627
1163.078125	3.951207
1164.078125	3.951207
1165.078125	3.951207
1166.078125	3.936627
1167.078125	3.951207
1168.078125	3.922048
1169.078125	3.951207
1170.078125	3.951207
1171.078125	3.965786
1172.078125	3.951207
1173.078125	3.951207
1174.078125	3.936627
1175.078125	3.951207
1176.078125	3.936627
1177.078125	3.951207
1178.078125	3.951207
1179.078125	3.951207
1180.078125	3.980366
1181.078125	3.922048
1182.078125	3.965786
1183.078125	3.936627
1184.078125	3.936627
1185.078125	3.936627
1186.078125	3.951207
1187.078125	3.936627
1188.078125	3.922048
1189.078125	3.936627
1190.078125	3.922048
1191.078125	3.936627
1192.078125	3.907468
1193.078125	3.922048
1194.078125	3.936627
1195.078125	3.907468
1196.078125	3.922048
1197.078125	3.951207
1198.078125	3.951207
1199.078125	3.936627
1200.078125	3.951207
1201.078125	3.936627
1202.078125	3.936627
1203.078125	3.936627
1204.078125	3.936627
1205.078125	3.922048
1206.078125	3.936627
1207.078125	3.922048
1208.078125	3.907468
1209.078125	3.922048
1210.078125	3.907468
1211.078125	3.907468
1212.078125	3.936627
1213.078125	3.907468
1214.078125	3.936627
1215.078125	3.936627
1216.078125	3.907468
1217.078125	3.922048
1218.078125	3.922048
1219.078125	3.936627
1220.078125	3.951207
1221.078125	3.936627
1222.078125	3.936627
1223.078125	3.965786
1224.078125	3.907468
1225.078125	3.951207
1226.078125	3.936627
1227.078125	3.922048
1228.078125	3.907468
1229.078125	3.936627
1230.078125	3.936627
1231.078125	3.936627
1232.078125	3.922048
1233.078125	3.936627
1234.078125	3.907468
1235.078125	3.892889
1236.078125	3.907468
1237.078125	3.922048
1238.078125	3.922048
1239.078125	3.907468
1240.078125	3.922048
1241.078125	3.892889
1242.078125	3.922048
1243.078125	3.907468
1244.078125	3.907468
1245.078125	3.922048
1246.078125	3.907468
1247.078125	3.907468
1248.078125	3.936627
1249.078125	3.907468
1250.078125	3.922048
1251.078125	3.922048
1252.078125	3.892889
1253.078125	3.907468
1254.078125	3.907468
1255.078125	3.907468
1256.078125	3.907468
1257.078125	3.936627
1258.078125	3.922048
1259.078125	3.892889
1260.078125	3.907468
1261.078125	3.907468
1262.078125	3.907468
1263.078125	3.907468
1264.078125	3.892889
1265.078125	3.878309
1266.078125	3.907468
1267.078125	3.892889
1268.078125	3.892889
1269.078125	3.922048
1270.078125	3.922048
1271.078125	3.922048
1272.078125	3.907468
1273.078125	3.922048
1274.078125	3.907468
1275.078125	3.892889
1276.078125	3.907468
1277.078125	3.907468
1278.078125	3.936627
1279.078125	3.892889
1280.078125	3.907468
1281.078125	3.907468
1282.078125	3.878309
1283.078125	3.907468
1284.078125	3.892889
1285.078125	3.892889
1286.078125	3.892889
1287.078125	3.907468
1288.078125	3.892889
1289.078125	3.907468
1290.078125	3.922048
1291.078125	3.892889
1292.078125	3.907468
1293.078125	3.907468
1294.078125	3.907468
1295.078125	3.907468
1296.078125	3.892889
1297.078125	3.892889
1298.078125	3.892889
1299.078125	3.907468
1300.078125	3.892889
1301.078125	3.878309
1302.078125	3.878309
1303.078125	3.892889
1304.078125	3.878309
1305.078125	3.892889
1306.078125	3.892889
1307.078125	3.892889
1308.078125	3.922048
1309.078125	3.907468
1310.078125	3.907468
1311.078125	3.907468
1312.078125	3.922048
1313.078125	3.907468
1314.078125	3.907468
1315.078125	3.892889
1316.078125	3.878309
1317.078125	3.907468
1318.078125	3.892889
1319.078125	3.892889
1320.078125	3.878309
1321.078125	3.936627
1322.078125	3.892889
1323.078125	3.907468
1324.078125	3.907468
1325.078125	3.907468
1326.078125	3.892889
1327.078125	3.878309
1328.078125	3.907468
1329.078125	3.892889
1330.078125	3.878309
1331.078125	3.863729
1332.078125	3.878309
1333.078125	3.878309
1334.078125	3.878309
1335.078125	3.878309
1336.078125	3.892889
1337.078125	3.892889
1338.078125	3.849150
1339.078125	3.878309
1340.078125	3.907468
1341.078125	3.878309
1342.078125	3.878309
1343.078125	3.907468
1344.078125	3.907468
1345.078125	3.863729
1346.078125	3.878309
1347.078125	3.878309
1348.078125	3.892889
1349.078125	3.892889
1350.078125	3.878309
1351.078125	3.892889
1352.078125	3.892889
1353.078125	3.892889
1354.078125	3.878309
1355.078125	3.878309
1356.078125	3.907468
1357.078125	3.878309
1358.078125	3.892889
1359.078125	3.878309
1360.078125	3.878309
1361.078125	3.878309
1362.078125	3.892889
1363.078125	3.878309
1364.078125	3.878309
1365.078125	3.863729
1366.078125	3.863729
1367.078125	3.878309
1368.078125	3.878309
1369.078125	3.878309
1370.078125	3.878309
1371.078125	3.878309
1372.078125	3.878309
1373.078125	3.892889
1374.078125	3.878309
1375.078125	3.863729
1376.078125	3.863729
1377.078125	3.878309
1378.078125	3.863729
1379.078125	3.863729
1380.078125	3.878309
1381.078125	3.878309
1382.078125	3.863729
1383.078125	3.892889
1384.078125	3.863729
1385.078125	3.878309
1386.078125	3.819991
1387.078125	3.863729
1388.078125	3.892889
1389.078125	3.834570
1390.078125	3.849150
1391.078125	3.878309
1392.078125	3.849150
1393.078125	3.849150
1394.078125	3.878309
1395.078125	3.863729
1396.078125	3.863729
1397.078125	3.849150
1398.078125	3.878309
1399.078125	3.849150
1400.078125	3.863729
1401.078125	3.863729
1402.078125	3.834570
1403.078125	3.878309
1404.078125	3.863729
1405.078125	3.878309
1406.078125	3.849150
1407.078125	3.849150
1408.078125	3.849150
1409.078125	3.863729
1410.078125	3.863729
1411.078125	3.863729
1412.078125	3.863729
1413.078125	3.849150
1414.078125	3.849150
1415.078125	3.849150
1416.078125	3.863729
1417.078125	3.863729
1418.078125	3.863729
1419.078125	3.849150
1420.078125	3.863729
1421.078125	3.863729
1422.078125	3.863729
1423.078125	3.878309
1424.078125	3.863729
1425.078125	3.863729
1426.078125	3.834570
1427.078125	3.863729
1428.078125	3.892889
1429.078125	3.819991
1430.078125	3.849150
1431.078125	3.834570
1432.078125	3.849150
1433.078125	3.849150
1434.078125	3.863729
1435.078125	3.849150
1436.078125	3.849150
1437.078125	3.849150
1438.078125	3.863729
1439.078125	3.863729
1440.078125	3.849150
1441.078125	3.834570
1442.078125	3.849150
1443.078125	3.863729
1444.078125	3.863729
1445.078125	3.849150
1446.078125	3.849150
1447.078125	3.834570
1448.078125	3.834570
1449.078125	3.849150
1450.078125	3.834570
1451.078125	3.863729
1452.078125	3.834570
1453.078125	3.819991
1454.078125	3.849150
1455.078125	3.849150
1456.078125	3.834570
1457.078125	3.863729
1458.078125	3.849150
