517.062500	5.102993
518.062500	5.102993
519.062500	5.132152
520.062500	5.117573
521.062500	5.102993
522.062500	5.132152
523.062500	5.117573
524.062500	5.102993
525.062500	5.102993
526.062500	5.117573
527.062500	5.146732
528.062500	5.117573
529.062500	5.132152
530.062500	5.146732
531.062500	5.073834
532.062500	5.117573
533.062500	5.088414
534.062500	5.132152
535.062500	5.117573
536.062500	5.132152
537.062500	5.102993
538.062500	5.102993
539.062500	5.102993
540.062500	5.102993
541.062500	5.132152
542.062500	5.102993
543.062500	5.102993
544.062500	5.132152
545.062500	5.102993
546.062500	5.132152
547.062500	5.117573
548.062500	5.117573
549.062500	5.102993
550.062500	5.073834
551.062500	5.132152
552.062500	5.132152
553.062500	5.117573
554.062500	5.088414
555.062500	5.117573
556.062500	5.132152
557.062500	5.102993
558.062500	5.132152
559.062500	5.117573
560.062500	5.117573
561.062500	5.117573
562.062500	5.117573
563.062500	5.132152
564.062500	5.117573
565.062500	5.132152
566.062500	5.117573
567.062500	5.132152
568.062500	5.146732
569.062500	5.146732
570.062500	5.117573
571.062500	5.132152
572.062500	5.102993
573.062500	5.117573
574.062500	5.117573
575.062500	5.175891
576.062500	5.102993
577.062500	5.102993
578.062500	5.102993
579.062500	5.132152
580.062500	5.132152
581.062500	5.117573
582.062500	5.161312
583.062500	5.132152
584.062500	5.146732
585.078125	5.117573
586.078125	5.117573
587.078125	5.102993
588.078125	5.146732
589.078125	5.132152
590.078125	5.132152
591.078125	5.132152
592.078125	5.102993
593.078125	5.132152
594.078125	5.117573
595.078125	5.132152
596.078125	5.146732
597.078125	5.132152
598.078125	5.146732
599.078125	5.132152
600.078125	5.117573
601.078125	5.132152
602.078125	5.146732
603.078125	5.146732
604.078125	5.132152
605.078125	5.132152
606.078125	5.132152
607.078125	5.117573
608.078125	5.132152
609.078125	5.146732
610.078125	5.146732
611.078125	5.132152
612.078125	5.117573
613.078125	5.132152
614.078125	5.132152
615.078125	5.132152
616.078125	5.132152
617.078125	5.132152
618.078125	5.132152
619.078125	5.132152
620.078125	5.117573
621.078125	5.146732
622.078125	5.132152
623.078125	5.161312
624.078125	5.132152
625.078125	5.146732
626.078125	5.117573
627.078125	5.132152
628.078125	5.132152
629.078125	5.132152
630.078125	5.117573
631.078125	5.146732
632.078125	5.132152
633.078125	5.205050
634.078125	5.117573
635.078125	5.132152
636.078125	5.132152
637.078125	5.117573
638.078125	5.117573
639.078125	5.117573
640.078125	5.132152
641.078125	5.117573
642.078125	5.117573
643.078125	5.117573
644.078125	5.117573
645.078125	5.146732
646.078125	5.132152
647.078125	5.117573
648.078125	5.132152
649.078125	5.132152
650.078125	5.132152
651.078125	5.132152
652.078125	5.146732
653.078125	5.132152
654.078125	5.132152
655.078125	5.146732
656.078125	5.132152
657.078125	5.132152
658.078125	5.146732
659.078125	5.161312
660.078125	5.146732
661.078125	5.161312
662.078125	5.146732
663.078125	5.146732
664.078125	5.132152
665.078125	5.102993
666.078125	5.132152
667.078125	5.146732
668.078125	5.117573
669.078125	5.132152
670.078125	5.146732
671.078125	5.146732
672.078125	5.132152
673.078125	5.161312
674.078125	5.161312
675.078125	5.132152
676.078125	5.132152
677.078125	5.146732
678.078125	5.132152
679.078125	5.132152
680.078125	5.132152
681.078125	5.132152
682.078125	5.132152
683.078125	5.132152
684.078125	5.146732
685.078125	5.146732
686.078125	5.161312
687.078125	5.161312
688.078125	5.161312
689.078125	5.146732
690.078125	5.161312
691.078125	5.146732
692.078125	5.146732
693.078125	5.146732
694.078125	5.146732
695.078125	5.132152
696.078125	5.161312
697.078125	5.161312
698.078125	5.175891
699.078125	5.146732
700.078125	5.146732
701.078125	5.161312
702.078125	5.175891
703.078125	5.146732
704.078125	5.146732
705.078125	5.132152
706.078125	5.161312
707.078125	5.146732
708.078125	5.161312
709.078125	5.161312
710.078125	5.161312
711.078125	5.161312
712.078125	5.175891
713.078125	5.146732
714.078125	5.161312
715.078125	5.132152
716.078125	5.146732
717.078125	5.161312
718.078125	5.132152
719.078125	5.146732
720.078125	5.132152
721.078125	5.146732
722.078125	5.161312
723.078125	5.161312
724.078125	5.146732
725.078125	5.161312
726.078125	5.117573
727.078125	5.146732
728.078125	5.146732
729.078125	5.146732
730.078125	5.175891
731.078125	5.175891
732.078125	5.161312
733.078125	5.175891
734.078125	5.146732
735.078125	5.146732
736.078125	5.161312
737.078125	5.132152
738.078125	5.175891
739.078125	5.146732
740.078125	5.161312
741.078125	5.161312
742.078125	5.146732
743.078125	5.146732
744.078125	5.132152
745.078125	5.132152
746.078125	5.132152
747.078125	5.146732
748.078125	5.146732
749.078125	5.175891
750.078125	5.146732
751.078125	5.132152
752.078125	5.146732
753.078125	5.161312
754.078125	5.161312
755.078125	5.161312
756.078125	5.175891
757.078125	5.132152
758.078125	5.146732
759.078125	5.146732
760.078125	5.175891
761.078125	5.161312
762.078125	5.161312
763.078125	5.146732
764.078125	5.146732
765.078125	5.161312
766.078125	5.146732
767.078125	5.161312
768.078125	5.146732
769.078125	5.161312
770.078125	5.161312
771.078125	5.132152
772.078125	5.161312
773.078125	5.146732
774.078125	5.132152
775.078125	5.146732
776.078125	5.175891
777.078125	5.161312
778.078125	5.175891
779.078125	5.146732
780.078125	5.146732
781.078125	5.161312
782.078125	5.175891
783.078125	5.146732
784.078125	5.175891
785.078125	5.161312
786.078125	5.146732
787.078125	5.161312
788.078125	5.146732
789.078125	5.161312
790.078125	5.161312
791.078125	5.161312
792.078125	5.146732
793.078125	5.175891
794.078125	5.161312
795.078125	5.161312
796.078125	5.175891
797.078125	5.175891
798.078125	5.146732
799.078125	5.132152
800.078125	5.146732
801.078125	5.161312
802.078125	5.161312
803.078125	5.175891
804.078125	5.146732
805.078125	5.161312
806.078125	5.175891
807.078125	5.132152
808.078125	5.161312
809.078125	5.175891
810.078125	5.190471
811.078125	5.190471
812.078125	5.146732
813.078125	5.146732
814.078125	5.146732
815.078125	5.146732
816.078125	5.161312
817.078125	5.161312
818.078125	5.175891
819.078125	5.146732
820.078125	5.161312
821.078125	5.161312
822.078125	5.175891
823.078125	5.146732
824.078125	5.175891
825.078125	5.161312
826.078125	5.161312
827.078125	5.146732
828.078125	5.161312
829.078125	5.190471
830.078125	5.161312
831.078125	5.146732
832.078125	5.146732
833.078125	5.146732
834.078125	5.161312
835.078125	5.161312
836.078125	5.190471
837.078125	5.175891
838.078125	5.175891
839.078125	5.190471
840.078125	5.161312
841.078125	5.175891
842.078125	5.190471
843.078125	5.161312
844.078125	5.161312
845.078125	5.175891
846.078125	5.175891
847.078125	5.190471
848.078125	5.190471
849.078125	5.161312
850.078125	5.161312
851.078125	5.161312
852.078125	5.190471
853.078125	5.161312
854.078125	5.205050
855.078125	5.146732
856.078125	5.161312
857.078125	5.146732
858.078125	5.175891
859.078125	5.161312
860.078125	5.190471
861.078125	5.175891
862.078125	5.190471
863.078125	5.190471
864.078125	5.175891
865.078125	5.161312
866.078125	5.175891
867.078125	5.161312
868.078125	5.146732
869.078125	5.161312
870.078125	5.175891
871.078125	5.175891
872.078125	5.132152
873.078125	5.161312
874.078125	5.161312
875.078125	5.190471
876.078125	5.175891
877.078125	5.146732
878.078125	5.132152
879.078125	5.190471
880.078125	5.161312
881.078125	5.161312
882.078125	5.175891
883.078125	5.146732
884.078125	5.175891
885.078125	5.175891
886.078125	5.175891
887.078125	5.161312
888.078125	5.190471
889.078125	5.175891
890.078125	5.190471
891.078125	5.161312
892.078125	5.190471
893.078125	5.175891
894.078125	5.161312
895.078125	5.175891
896.078125	5.175891
897.078125	5.161312
898.078125	5.175891
899.078125	5.161312
900.078125	5.175891
901.078125	5.161312
902.078125	5.161312
903.078125	5.175891
904.078125	5.175891
905.078125	5.161312
906.078125	5.161312
907.078125	5.175891
908.078125	5.190471
909.078125	5.190471
910.078125	5.161312
911.078125	5.161312
912.078125	5.161312
913.078125	5.175891
914.078125	5.161312
915.078125	5.161312
916.078125	5.161312
917.078125	5.161312
918.078125	5.175891
919.078125	5.175891
920.078125	5.190471
921.078125	5.161312
922.078125	5.161312
923.078125	5.190471
924.078125	5.146732
925.078125	5.175891
926.078125	5.175891
927.078125	5.175891
928.078125	5.175891
929.078125	5.175891
930.078125	5.161312
931.078125	5.132152
932.078125	5.190471
933.078125	5.190471
934.078125	5.161312
935.078125	5.190471
936.078125	5.146732
937.078125	5.146732
938.078125	5.175891
939.078125	5.161312
940.078125	5.175891
941.078125	5.175891
942.078125	5.175891
943.078125	5.175891
944.078125	5.161312
945.078125	5.175891
946.078125	5.161312
947.078125	5.132152
948.078125	5.132152
949.078125	5.161312
950.078125	5.175891
951.078125	5.175891
952.078125	5.161312
953.078125	5.161312
954.078125	5.190471
955.078125	5.161312
956.078125	5.146732
957.078125	5.175891
958.078125	5.146732
959.078125	5.161312
960.078125	5.175891
961.078125	5.190471
962.078125	5.175891
963.078125	5.175891
964.078125	5.161312
965.078125	5.190471
966.078125	5.175891
967.078125	5.132152
968.078125	5.161312
969.078125	5.175891
970.078125	5.190471
971.078125	5.190471
972.078125	5.190471
973.078125	5.190471
974.078125	5.190471
975.078125	5.146732
976.078125	5.175891
977.078125	5.190471
978.078125	5.175891
979.078125	5.161312
980.078125	5.161312
981.078125	5.146732
982.078125	5.146732
983.078125	5.146732
984.078125	5.161312
985.078125	5.175891
986.078125	5.161312
987.078125	5.161312
988.078125	5.161312
989.078125	5.161312
990.078125	5.190471
991.078125	5.161312
992.078125	5.146732
993.078125	5.161312
994.078125	5.175891
995.078125	5.175891
996.078125	5.175891
997.078125	5.161312
998.078125	5.190471
999.078125	5.190471
1000.078125	5.175891
1001.078125	5.190471
1002.078125	5.175891
1003.078125	5.205050
1004.078125	5.175891
1005.078125	5.205050
1006.078125	5.190471
1007.078125	5.190471
1008.078125	5.190471
1009.078125	5.190471
1010.078125	5.175891
1011.078125	5.175891
1012.078125	5.161312
1013.078125	5.205050
1014.078125	5.219630
1015.078125	5.161312
1016.078125	5.146732
1017.078125	5.161312
1018.078125	5.161312
1019.078125	5.161312
1020.078125	5.175891
1021.078125	5.175891
1022.078125	5.161312
1023.078125	5.146732
1024.078125	5.161312
1025.078125	5.161312
1026.078125	5.132152
1027.078125	5.190471
1028.078125	5.190471
1029.078125	5.161312
1030.078125	5.146732
1031.078125	5.205050
1032.078125	5.190471
1033.093750	5.175891
1034.093750	5.175891
1035.093750	5.190471
1036.093750	5.219630
1037.093750	5.190471
1038.093750	5.175891
1039.093750	5.175891
1040.093750	5.175891
1041.093750	5.190471
1042.093750	5.175891
1043.093750	5.190471
1044.093750	5.161312
1045.093750	5.146732
1046.093750	5.146732
1047.109375	5.175891
1048.109375	5.175891
1049.109375	5.161312
1050.109375	5.190471
1051.109375	5.190471
1052.109375	5.175891
1053.109375	5.190471
1054.109375	5.146732
1055.109375	5.190471
1056.109375	5.175891
1057.109375	5.175891
1058.109375	5.190471
1059.109375	5.190471
1060.109375	5.175891
1061.109375	5.146732
1062.109375	5.175891
1063.109375	5.190471
1064.109375	5.190471
1065.109375	5.175891
1066.109375	5.205050
1067.109375	5.161312
1068.109375	5.190471
1069.109375	5.190471
1070.109375	5.190471
1071.109375	5.161312
1072.109375	5.161312
1073.109375	5.190471
1074.109375	5.175891
1075.109375	5.161312
1076.109375	5.175891
1077.109375	5.161312
1078.109375	5.175891
1079.109375	5.175891
1080.109375	5.175891
1081.109375	5.175891
1082.109375	5.161312
1083.109375	5.175891
1084.109375	5.161312
1085.109375	5.175891
1086.109375	5.175891
1087.109375	5.190471
1088.109375	5.190471
1089.109375	5.161312
1090.109375	5.161312
1091.109375	5.190471
1092.109375	5.190471
1093.109375	5.190471
1094.109375	5.190471
1095.109375	5.161312
1096.109375	5.161312
1097.109375	5.190471
1098.109375	5.190471
1099.109375	5.190471
1100.109375	5.175891
1101.109375	5.161312
1102.109375	5.190471
1103.109375	5.161312
1104.109375	5.190471
1105.109375	5.190471
1106.109375	5.175891
1107.109375	5.117573
1108.109375	5.161312
1109.109375	5.190471
1110.109375	5.190471
1111.109375	5.146732
1112.109375	5.190471
1113.109375	5.175891
1114.109375	5.161312
1115.109375	5.190471
1116.109375	5.161312
1117.109375	5.175891
1118.109375	5.175891
1119.109375	5.161312
1120.109375	5.146732
1121.109375	5.161312
1122.109375	5.161312
1123.109375	5.146732
1124.109375	5.175891
1125.109375	5.175891
1126.109375	5.161312
1127.109375	5.175891
1128.109375	5.161312
1129.109375	5.132152
1130.109375	5.146732
1131.109375	5.161312
1132.109375	5.161312
1133.109375	5.190471
1134.109375	5.175891
1135.109375	5.161312
1136.109375	5.161312
1137.109375	5.161312
1138.109375	5.175891
1139.109375	5.161312
1140.109375	5.175891
1141.109375	5.161312
1142.109375	5.190471
1143.109375	5.190471
1144.109375	5.146732
1145.109375	5.190471
1146.109375	5.190471
1147.109375	5.175891
1148.109375	5.175891
1149.109375	5.161312
1150.109375	5.175891
1151.109375	5.161312
1152.109375	5.175891
1153.109375	5.161312
1154.109375	5.175891
1155.109375	5.175891
1156.109375	5.175891
1157.109375	5.190471
