0.000000	2.362033
1.000000	2.347454
2.000000	2.347454
3.000000	2.347454
4.000000	2.332874
5.000000	2.332874
6.000000	2.332874
7.000000	2.332874
8.000000	2.332874
9.000000	2.318294
10.000000	2.347454
11.015625	2.332874
12.015625	2.332874
13.015625	2.347454
14.015625	2.347454
15.015625	2.347454
16.015625	2.332874
17.015625	2.332874
18.015625	2.332874
19.015625	2.347454
20.015625	2.347454
21.015625	2.347454
22.015625	2.332874
23.015625	2.332874
24.015625	2.332874
25.015625	2.332874
26.015625	2.332874
27.015625	2.332874
28.015625	2.347454
29.015625	2.332874
30.015625	2.332874
31.015625	2.347454
32.015625	2.332874
33.015625	2.362033
34.015625	2.405772
35.015625	2.420352
36.015625	2.464090
37.015625	2.464090
38.015625	2.493249
39.015625	2.464090
40.015625	2.478670
41.015625	2.493249
42.015625	2.493249
43.015625	2.478670
44.015625	2.493249
45.015625	2.478670
46.015625	2.493249
47.015625	2.493249
48.015625	2.478670
49.015625	2.478670
50.015625	2.478670
51.015625	2.464090
52.015625	2.493249
53.015625	2.493249
54.015625	2.449511
55.015625	2.420352
56.015625	2.434931
57.015625	2.478670
58.015625	2.449511
59.015625	2.478670
60.015625	2.493249
61.015625	2.449511
62.015625	2.464090
63.015625	2.493249
64.015625	2.478670
65.015625	2.478670
66.015625	2.464090
67.015625	2.464090
68.015625	2.478670
69.015625	2.464090
70.015625	2.478670
71.015625	2.464090
72.015625	2.449511
73.015625	2.464090
74.015625	2.434931
75.015625	2.449511
76.015625	2.449511
77.015625	2.449511
78.015625	2.434931
79.015625	2.449511
80.015625	2.434931
81.015625	2.478670
82.015625	2.464090
83.015625	2.478670
84.015625	2.449511
85.015625	2.493249
86.015625	2.493249
87.015625	2.493249
88.015625	2.449511
89.015625	2.464090
90.015625	2.478670
91.015625	2.493249
92.015625	2.478670
93.015625	2.464090
94.015625	2.449511
95.015625	2.464090
96.015625	2.449511
97.015625	2.464090
98.015625	2.464090
99.015625	2.464090
100.015625	2.449511
101.015625	2.449511
102.015625	2.464090
103.015625	2.464090
104.015625	2.420352
105.015625	2.391192
106.015625	2.420352
107.015625	2.420352
108.015625	2.347454
109.015625	2.362033
110.015625	2.347454
111.015625	2.347454
112.015625	2.362033
113.015625	2.347454
114.015625	2.347454
115.015625	2.391192
116.015625	2.376613
117.015625	2.376613
118.015625	2.376613
119.015625	2.376613
120.015625	2.347454
121.015625	2.405772
122.015625	2.464090
123.015625	2.449511
124.015625	2.478670
125.015625	2.449511
126.015625	2.464090
127.015625	2.464090
128.015625	2.464090
129.015625	2.449511
130.015625	2.464090
131.015625	2.449511
132.015625	2.478670
133.015625	2.478670
134.015625	2.464090
135.015625	2.478670
136.015625	2.449511
137.015625	2.434931
138.015625	2.464090
139.015625	2.464090
140.015625	2.464090
141.015625	2.464090
142.015625	2.464090
143.015625	2.434931
144.015625	2.464090
145.015625	2.478670
146.015625	2.464090
147.015625	2.478670
148.015625	2.449511
149.015625	2.493249
150.015625	2.449511
151.015625	2.464090
152.015625	2.449511
153.015625	2.449511
154.015625	2.478670
155.015625	2.464090
156.015625	2.464090
157.015625	2.464090
158.015625	2.464090
159.015625	2.464090
160.015625	2.449511
161.015625	2.493249
162.015625	2.464090
163.015625	2.478670
164.015625	2.478670
165.015625	2.464090
166.015625	2.464090
167.015625	2.478670
168.015625	2.464090
169.015625	2.464090
170.015625	2.478670
171.015625	2.464090
172.015625	2.478670
173.015625	2.478670
174.015625	2.478670
175.015625	2.478670
176.015625	2.493249
177.015625	2.464090
178.015625	2.449511
179.015625	2.478670
180.015625	2.464090
181.015625	2.493249
182.015625	2.464090
183.015625	2.478670
184.015625	2.464090
185.015625	2.464090
186.015625	2.478670
187.015625	2.493249
188.015625	2.464090
189.015625	2.464090
190.015625	2.464090
191.015625	2.449511
192.015625	2.464090
193.015625	2.449511
194.015625	2.449511
195.015625	2.478670
196.015625	2.449511
197.015625	2.493249
198.015625	2.464090
199.015625	2.478670
200.015625	2.478670
201.015625	2.493249
202.015625	2.507829
203.015625	2.464090
204.015625	2.478670
205.015625	2.464090
206.015625	2.493249
207.015625	2.478670
208.015625	2.464090
209.015625	2.478670
210.015625	2.464090
211.015625	2.449511
212.015625	2.478670
213.015625	2.478670
214.015625	2.434931
215.015625	2.449511
216.015625	2.507829
217.015625	2.449511
218.015625	2.464090
219.015625	2.464090
220.015625	2.449511
221.015625	2.464090
222.015625	2.478670
223.015625	2.464090
224.015625	2.478670
225.015625	2.449511
226.015625	2.449511
227.015625	2.464090
228.015625	2.464090
229.015625	2.449511
230.015625	2.464090
231.015625	2.464090
232.015625	2.464090
233.015625	2.493249
234.015625	2.449511
235.015625	2.464090
236.015625	2.493249
237.015625	2.449511
238.015625	2.478670
239.015625	2.464090
240.015625	2.478670
241.015625	2.464090
242.015625	2.449511
243.015625	2.434931
244.015625	2.420352
245.015625	2.391192
246.015625	2.318294
247.015625	2.289135
248.015625	2.303715
249.015625	2.274556
250.015625	2.289135
251.015625	2.274556
252.015625	2.274556
253.015625	2.274556
254.015625	2.274556
255.015625	2.303715
256.015625	2.289135
257.015625	2.289135
258.015625	2.274556
259.015625	2.274556
260.015625	2.303715
261.015625	2.332874
262.015625	2.303715
263.015625	2.347454
264.015625	2.391192
265.015625	2.332874
266.015625	2.362033
267.015625	2.376613
268.015625	2.376613
269.015625	2.391192
270.015625	2.376613
271.015625	2.376613
272.015625	2.376613
273.015625	2.405772
274.015625	2.376613
275.015625	2.318294
276.015625	2.332874
277.015625	2.376613
278.015625	2.391192
279.015625	2.362033
280.015625	2.376613
281.015625	2.391192
282.015625	2.376613
283.015625	2.362033
284.015625	2.347454
285.015625	2.376613
286.015625	2.347454
287.015625	2.362033
288.015625	2.391192
289.015625	2.376613
290.015625	2.347454
291.015625	2.362033
292.015625	2.362033
293.015625	2.391192
294.015625	2.376613
295.015625	2.376613
296.015625	2.347454
297.015625	2.362033
298.015625	2.376613
299.015625	2.391192
300.015625	2.391192
301.015625	2.391192
302.015625	2.362033
303.015625	2.332874
304.015625	2.347454
305.015625	2.332874
306.015625	2.318294
307.015625	2.332874
308.015625	2.318294
309.015625	2.332874
310.015625	2.347454
311.015625	2.332874
312.015625	2.347454
313.015625	2.347454
314.015625	2.376613
315.015625	2.362033
316.015625	2.376613
317.015625	2.391192
318.015625	2.362033
319.015625	2.362033
320.015625	2.362033
321.015625	2.362033
322.015625	2.376613
323.015625	2.420352
324.015625	2.391192
325.015625	2.391192
326.015625	2.347454
327.015625	2.362033
328.015625	2.362033
329.015625	2.347454
330.015625	2.347454
331.015625	2.347454
332.015625	2.318294
333.015625	2.332874
334.015625	2.332874
335.015625	2.347454
336.015625	2.347454
337.015625	2.347454
338.015625	2.347454
339.015625	2.376613
340.015625	2.362033
341.015625	2.362033
342.015625	2.376613
343.015625	2.362033
344.015625	2.362033
345.015625	2.362033
346.015625	2.376613
347.015625	2.376613
348.015625	2.362033
349.015625	2.376613
350.015625	2.362033
351.015625	2.362033
352.015625	2.391192
353.015625	2.347454
354.015625	2.332874
355.015625	2.376613
356.015625	2.347454
357.015625	2.391192
358.015625	2.347454
359.015625	2.420352
360.015625	2.464090
361.015625	2.478670
362.015625	2.478670
363.015625	2.478670
364.015625	2.478670
365.015625	2.478670
366.015625	2.464090
367.015625	2.478670
368.015625	2.478670
369.015625	2.493249
370.015625	2.464090
371.015625	2.464090
372.015625	2.449511
373.015625	2.493249
374.015625	2.478670
375.015625	2.493249
376.015625	2.478670
377.015625	2.493249
378.015625	2.493249
379.015625	2.493249
380.015625	2.464090
381.015625	2.507829
382.015625	2.464090
383.015625	2.464090
384.015625	2.464090
385.015625	2.478670
386.015625	2.464090
387.015625	2.478670
388.015625	2.507829
389.015625	2.478670
390.015625	2.493249
391.015625	2.493249
392.015625	2.478670
393.015625	2.478670
394.015625	2.493249
395.015625	2.478670
396.015625	2.522409
397.015625	2.478670
398.015625	2.493249
399.015625	2.478670
400.015625	2.493249
401.015625	2.478670
402.015625	2.478670
403.015625	2.493249
404.015625	2.493249
405.015625	2.478670
406.015625	2.478670
407.015625	2.478670
408.015625	2.478670
409.015625	2.493249
410.015625	2.478670
411.015625	2.478670
412.015625	2.434931
413.015625	2.449511
414.015625	2.493249
415.015625	2.478670
416.015625	2.478670
417.015625	2.478670
418.015625	2.478670
419.015625	2.493249
420.015625	2.464090
421.015625	2.493249
422.015625	2.464090
423.015625	2.464090
424.015625	2.464090
425.015625	2.478670
426.015625	2.464090
427.015625	2.478670
428.015625	2.449511
429.015625	2.493249
430.015625	2.493249
431.015625	2.464090
432.015625	2.464090
433.015625	2.493249
434.015625	2.478670
435.015625	2.507829
436.015625	2.464090
437.015625	2.493249
438.015625	2.478670
439.015625	2.478670
440.015625	2.478670
441.015625	2.464090
442.015625	2.478670
443.015625	2.478670
444.015625	2.478670
445.015625	2.478670
446.015625	2.464090
447.015625	2.493249
448.015625	2.449511
449.015625	2.464090
450.015625	2.478670
451.015625	2.478670
452.015625	2.449511
453.015625	2.478670
454.015625	2.464090
455.015625	2.449511
456.015625	2.464090
457.015625	2.464090
458.015625	2.478670
459.015625	2.449511
460.015625	2.493249
461.015625	2.493249
462.015625	2.464090
463.015625	2.478670
464.015625	2.493249
465.015625	2.478670
466.015625	2.493249
467.015625	2.449511
468.015625	2.478670
469.015625	2.464090
470.015625	2.493249
471.015625	2.493249
472.015625	2.464090
473.015625	2.478670
474.015625	2.478670
475.015625	2.464090
476.015625	2.478670
477.015625	2.464090
478.015625	2.478670
479.015625	2.449511
480.015625	2.449511
481.015625	2.464090
482.015625	2.493249
483.015625	2.493249
484.015625	2.478670
485.015625	2.507829
486.015625	2.478670
487.015625	2.493249
488.015625	2.507829
489.015625	2.478670
490.015625	2.478670
491.015625	2.464090
492.015625	2.449511
493.015625	2.478670
494.015625	2.478670
495.015625	2.493249
496.015625	2.464090
497.015625	2.478670
498.015625	2.464090
499.015625	2.507829
500.015625	2.493249
501.015625	2.464090
502.015625	2.464090
503.015625	2.464090
504.015625	2.464090
505.015625	2.493249
506.015625	2.464090
507.015625	2.493249
508.015625	2.478670
509.015625	2.478670
510.015625	2.478670
511.015625	2.478670
512.015625	2.478670
513.015625	2.464090
514.015625	2.478670
515.015625	2.464090
516.015625	2.464090
517.015625	2.478670
518.015625	2.493249
519.015625	2.507829
520.015625	2.493249
521.015625	2.449511
522.015625	2.449511
523.015625	2.507829
524.015625	2.478670
525.015625	2.478670
526.015625	2.478670
527.015625	2.478670
528.015625	2.493249
529.015625	2.493249
530.015625	2.493249
531.015625	2.493249
532.015625	2.507829
533.015625	2.493249
534.015625	2.493249
535.015625	2.478670
536.015625	2.478670
537.015625	2.478670
538.015625	2.478670
539.031250	2.493249
540.031250	2.493249
541.031250	2.478670
542.031250	2.493249
543.031250	2.464090
544.031250	2.478670
545.031250	2.478670
546.031250	2.464090
547.031250	2.478670
548.031250	2.464090
549.031250	2.478670
550.031250	2.493249
551.031250	2.493249
552.031250	2.478670
553.046875	2.449511
554.046875	2.478670
555.046875	2.464090
556.046875	2.449511
557.046875	2.493249
558.046875	2.449511
559.046875	2.478670
560.046875	2.478670
561.046875	2.464090
562.046875	2.493249
563.046875	2.507829
564.046875	2.434931
565.046875	2.478670
566.046875	2.478670
567.046875	2.464090
568.046875	2.478670
569.062500	2.478670
570.062500	2.478670
571.062500	2.493249
572.062500	2.493249
573.062500	2.493249
574.062500	2.478670
575.062500	2.493249
576.062500	2.478670
577.062500	2.493249
578.062500	2.493249
579.062500	2.478670
580.062500	2.493249
581.062500	2.464090
582.062500	2.478670
583.062500	2.493249
584.062500	2.493249
585.062500	2.478670
586.062500	2.478670
587.062500	2.478670
588.062500	2.478670
589.062500	2.478670
590.062500	2.493249
591.062500	2.493249
592.062500	2.478670
593.062500	2.478670
594.062500	2.493249
595.062500	2.478670
596.062500	2.464090
597.062500	2.507829
598.062500	2.464090
599.062500	2.464090
600.062500	2.464090
601.062500	2.464090
602.062500	2.478670
603.062500	2.478670
604.062500	2.493249
605.062500	2.449511
606.062500	2.493249
607.062500	2.478670
608.062500	2.478670
609.062500	2.478670
610.062500	2.464090
611.062500	2.464090
612.062500	2.478670
613.062500	2.464090
614.062500	2.493249
615.062500	2.493249
616.062500	2.464090
617.062500	2.493249
618.062500	2.478670
619.062500	2.478670
620.062500	2.478670
621.062500	2.478670
622.062500	2.464090
623.062500	2.478670
624.062500	2.478670
625.062500	2.478670
626.062500	2.478670
627.062500	2.464090
628.062500	2.493249
629.062500	2.478670
630.062500	2.493249
631.062500	2.478670
632.062500	2.493249
633.062500	2.449511
634.062500	2.493249
635.062500	2.478670
636.062500	2.478670
637.062500	2.464090
638.062500	2.464090
639.062500	2.478670
640.062500	2.464090
641.062500	2.478670
642.062500	2.464090
643.062500	2.449511
644.062500	2.478670
645.062500	2.464090
646.062500	2.493249
647.062500	2.464090
648.062500	2.464090
649.062500	2.478670
650.062500	2.478670
651.062500	2.493249
652.062500	2.464090
653.062500	2.478670
654.062500	2.478670
655.062500	2.449511
656.062500	2.478670
657.062500	2.478670
658.062500	2.493249
659.062500	2.478670
660.062500	2.493249
661.062500	2.478670
662.062500	2.493249
663.062500	2.478670
664.062500	2.493249
665.062500	2.478670
666.062500	2.493249
667.062500	2.493249
668.062500	2.507829
669.062500	2.493249
670.062500	2.493249
671.062500	2.493249
672.062500	2.493249
673.062500	2.464090
674.062500	2.464090
675.062500	2.464090
676.062500	2.507829
677.062500	2.478670
678.062500	2.478670
679.062500	2.464090
680.062500	2.464090
681.062500	2.464090
682.062500	2.493249
683.062500	2.464090
684.062500	2.478670
685.062500	2.464090
686.062500	2.464090
687.062500	2.464090
688.062500	2.566147
689.062500	2.988955
690.062500	3.207649
691.062500	3.426342
692.062500	3.688775
693.062500	3.878309
694.062500	3.980366
695.062500	4.082423
696.062500	4.199060
697.062500	4.257378
698.062500	4.286537
699.062500	4.330276
700.062500	4.359435
701.062500	4.344855
702.062500	4.417753
703.062500	4.359435
704.062500	4.403174
705.062500	4.432333
706.062500	4.403174
707.062500	4.403174
708.062500	4.403174
709.062500	4.417753
710.062500	4.403174
711.062500	4.417753
712.062500	4.417753
713.062500	4.446912
714.062500	4.432333
715.062500	4.432333
716.062500	4.461492
717.062500	4.446912
718.062500	4.461492
719.062500	4.476072
720.062500	4.476072
721.062500	4.461492
722.062500	4.446912
723.062500	4.476072
724.062500	4.505231
725.062500	4.490651
726.062500	4.461492
727.062500	4.476072
728.062500	4.490651
729.062500	4.490651
730.062500	4.461492
731.062500	4.476072
732.062500	4.476072
733.062500	4.461492
734.062500	4.461492
735.062500	4.476072
736.062500	4.432333
737.062500	4.490651
738.062500	4.490651
739.062500	4.490651
740.062500	4.490651
741.062500	4.461492
742.062500	4.476072
743.062500	4.490651
744.062500	4.476072
745.062500	4.476072
746.062500	4.490651
747.062500	4.476072
748.062500	4.490651
749.062500	4.476072
750.062500	4.476072
751.062500	4.461492
752.062500	4.461492
753.062500	4.476072
754.062500	4.461492
755.062500	4.476072
756.062500	4.461492
757.062500	4.476072
758.062500	4.519810
759.062500	4.490651
760.062500	4.476072
761.062500	4.476072
762.062500	4.490651
763.062500	4.490651
764.062500	4.490651
765.062500	4.490651
766.062500	4.519810
767.062500	4.534390
768.062500	4.578129
769.062500	4.563549
770.062500	4.592708
771.062500	4.578129
772.062500	4.563549
773.062500	4.534390
774.062500	4.563549
775.062500	4.607288
776.062500	4.578129
777.062500	4.578129
778.062500	4.578129
779.062500	4.578129
780.062500	4.563549
781.062500	4.592708
782.062500	4.621867
783.062500	4.563549
784.062500	4.563549
785.062500	4.563549
786.062500	4.563549
787.062500	4.563549
788.062500	4.563549
789.062500	4.578129
790.062500	4.578129
791.062500	4.563549
792.062500	4.578129
793.062500	4.578129
794.062500	4.592708
795.062500	4.592708
796.062500	4.607288
797.062500	4.651026
798.062500	4.665606
799.062500	4.694765
800.062500	4.709345
801.062500	4.796822
802.062500	4.825981
803.062500	4.840561
804.062500	4.898879
805.062500	4.928038
806.062500	4.957198
807.062500	4.986357
808.062500	5.073834
809.062500	5.073834
810.062500	5.132152
811.062500	5.205050
812.062500	5.234209
813.062500	5.263369
814.062500	5.307107
815.062500	5.365426
816.062500	5.423744
817.062500	5.423744
818.062500	5.467483
819.062500	5.496642
820.062500	5.496642
821.062500	5.511221
822.062500	5.540380
823.062500	5.554960
824.062500	5.554960
825.062500	5.569540
826.062500	5.584119
827.062500	5.584119
828.062500	5.569540
829.062500	5.554960
830.062500	5.525801
831.062500	5.554960
832.062500	5.569540
833.062500	5.584119
834.062500	5.540380
835.062500	5.569540
836.062500	5.584119
837.062500	5.554960
838.062500	5.554960
839.062500	5.540380
840.062500	5.569540
841.062500	5.554960
842.062500	5.540380
843.062500	5.540380
844.062500	5.511221
845.062500	5.554960
846.062500	5.540380
847.062500	5.525801
848.062500	5.525801
849.062500	5.540380
850.062500	5.496642
851.062500	5.511221
852.062500	5.525801
853.062500	5.482062
854.062500	5.496642
855.062500	5.511221
856.062500	5.511221
857.062500	5.496642
858.062500	5.496642
859.062500	5.496642
860.062500	5.482062
861.062500	5.467483
862.062500	5.452903
863.062500	5.467483
864.062500	5.438323
865.062500	5.438323
866.062500	5.452903
867.062500	5.452903
868.062500	5.452903
869.062500	5.452903
870.062500	5.452903
871.062500	5.409164
872.062500	5.423744
873.062500	5.482062
874.062500	5.423744
875.062500	5.423744
876.062500	5.409164
877.062500	5.409164
878.062500	5.409164
879.062500	5.423744
880.062500	5.423744
881.062500	5.409164
882.062500	5.394585
883.062500	5.380005
884.062500	5.365426
885.062500	5.394585
886.062500	5.394585
887.062500	5.365426
888.062500	5.350846
889.062500	5.365426
890.062500	5.365426
891.062500	5.350846
892.062500	5.350846
893.062500	5.336266
894.062500	5.350846
895.062500	5.350846
896.062500	5.336266
897.062500	5.321687
898.062500	5.321687
899.062500	5.336266
900.062500	5.336266
901.062500	5.292528
902.062500	5.307107
903.062500	5.321687
904.062500	5.307107
905.062500	5.336266
906.062500	5.307107
907.062500	5.292528
908.062500	5.263369
909.062500	5.263369
910.062500	5.263369
911.062500	5.277948
912.062500	5.263369
913.062500	5.248789
914.062500	5.263369
915.062500	5.234209
916.062500	5.248789
917.062500	5.248789
918.062500	5.234209
919.062500	5.248789
920.062500	5.248789
921.062500	5.190471
922.062500	5.219630
923.062500	5.219630
924.062500	5.190471
925.062500	5.248789
926.062500	5.219630
927.062500	5.175891
928.062500	5.219630
929.062500	5.205050
930.062500	5.190471
931.062500	5.175891
932.062500	5.175891
933.062500	5.175891
934.062500	5.190471
935.062500	5.161312
936.062500	5.161312
937.062500	5.161312
938.062500	5.146732
939.062500	5.161312
940.062500	5.161312
941.062500	5.146732
942.062500	5.146732
943.062500	5.146732
944.062500	5.132152
945.062500	5.132152
946.062500	5.132152
947.062500	5.102993
948.062500	5.117573
949.062500	5.073834
950.062500	5.073834
951.062500	5.073834
952.062500	5.088414
953.062500	5.102993
954.062500	5.073834
955.062500	5.073834
956.062500	5.073834
957.062500	5.073834
958.062500	5.015516
959.062500	5.044675
960.062500	5.030095
961.062500	5.030095
962.062500	5.015516
963.062500	5.030095
964.062500	5.030095
965.062500	4.986357
966.062500	5.015516
967.062500	5.000936
968.062500	5.000936
969.062500	4.986357
970.062500	4.957198
971.062500	4.971777
972.062500	4.986357
973.062500	4.957198
974.062500	4.942618
975.062500	4.928038
976.062500	4.928038
977.062500	4.928038
978.062500	4.884300
979.062500	4.928038
980.062500	4.913459
981.062500	4.898879
982.062500	4.928038
983.062500	4.898879
984.062500	4.884300
985.062500	4.884300
986.062500	4.855140
987.062500	4.869720
988.062500	4.855140
989.062500	4.869720
990.062500	4.855140
991.062500	4.840561
992.062500	4.840561
993.062500	4.825981
994.062500	4.811402
995.078125	4.825981
996.078125	4.840561
997.078125	4.825981
998.078125	4.782243
999.078125	4.811402
1000.078125	4.782243
1001.078125	4.782243
1002.078125	4.811402
1003.078125	4.767663
1004.078125	4.782243
1005.078125	4.767663
1006.078125	4.738504
1007.078125	4.767663
1008.078125	4.753083
1009.078125	4.767663
1010.093750	4.753083
1011.093750	4.738504
1012.093750	4.738504
1013.093750	4.694765
1014.093750	4.738504
1015.093750	4.723924
1016.093750	4.738504
1017.093750	4.723924
1018.093750	4.723924
1019.093750	4.709345
1020.093750	4.694765
1021.093750	4.665606
1022.093750	4.665606
1023.093750	4.694765
1024.093750	4.665606
1025.093750	4.665606
1026.093750	4.665606
1027.093750	4.651026
1028.093750	4.636447
1029.093750	4.621867
1030.093750	4.621867
1031.093750	4.607288
1032.093750	4.607288
1033.093750	4.607288
1034.093750	4.592708
1035.093750	4.607288
1036.093750	4.592708
1037.093750	4.578129
1038.093750	4.563549
1039.093750	4.578129
1040.093750	4.578129
1041.093750	4.592708
1042.093750	4.534390
1043.093750	4.548969
1044.093750	4.563549
1045.093750	4.548969
1046.093750	4.563549
1047.093750	4.548969
1048.093750	4.534390
1049.093750	4.548969
1050.093750	4.563549
1051.093750	4.563549
1052.093750	4.563549
1053.093750	4.548969
1054.093750	4.563549
1055.093750	4.548969
1056.093750	4.534390
1057.093750	4.548969
1058.093750	4.534390
1059.093750	4.534390
1060.093750	4.534390
1061.093750	4.563549
1062.093750	4.519810
1063.093750	4.534390
1064.093750	4.519810
1065.093750	4.548969
1066.093750	4.534390
1067.093750	4.534390
1068.093750	4.519810
1069.093750	4.534390
1070.093750	4.519810
1071.093750	4.534390
1072.093750	4.519810
1073.093750	4.534390
1074.093750	4.534390
1075.093750	4.534390
1076.093750	4.534390
1077.093750	4.548969
1078.093750	4.548969
1079.093750	4.519810
1080.093750	4.505231
1081.093750	4.534390
1082.093750	4.534390
1083.093750	4.505231
1084.093750	4.548969
1085.093750	4.548969
1086.093750	4.519810
1087.093750	4.490651
1088.093750	4.563549
1089.093750	4.534390
1090.093750	4.548969
1091.093750	4.548969
1092.093750	4.548969
1093.093750	4.563549
1094.093750	4.548969
1095.093750	4.548969
1096.093750	4.519810
1097.093750	4.534390
1098.093750	4.534390
1099.093750	4.534390
1100.093750	4.548969
1101.093750	4.563549
1102.093750	4.534390
1103.093750	4.563549
1104.093750	4.548969
1105.093750	4.548969
1106.093750	4.563549
1107.093750	4.548969
1108.093750	4.563549
1109.093750	4.563549
1110.093750	4.548969
1111.093750	4.592708
1112.093750	4.534390
1113.093750	4.563549
1114.093750	4.548969
1115.093750	4.548969
1116.093750	4.578129
1117.093750	4.563549
1118.093750	4.563549
1119.093750	4.563549
1120.093750	4.563549
1121.093750	4.563549
1122.093750	4.563549
1123.093750	4.592708
1124.093750	4.548969
1125.093750	4.578129
1126.093750	4.563549
1127.093750	4.578129
1128.093750	4.563549
1129.093750	4.578129
1130.093750	4.578129
1131.093750	4.548969
1132.093750	4.548969
1133.093750	4.548969
1134.093750	4.563549
1135.093750	4.548969
1136.093750	4.578129
1137.093750	4.578129
1138.093750	4.578129
1139.093750	4.578129
1140.093750	4.563549
1141.093750	4.563549
1142.093750	4.578129
1143.093750	4.563549
1144.093750	4.592708
1145.093750	4.578129
1146.093750	4.563549
1147.093750	4.607288
1148.093750	4.578129
1149.093750	4.592708
1150.093750	4.621867
1151.093750	4.621867
1152.093750	4.636447
1153.093750	4.636447
1154.093750	4.665606
1155.093750	4.665606
1156.093750	4.651026
1157.093750	4.651026
1158.093750	4.665606
1159.093750	4.665606
1160.093750	4.665606
1161.093750	4.694765
1162.093750	4.694765
1163.093750	4.709345
1164.093750	4.680186
1165.093750	4.694765
1166.093750	4.680186
1167.093750	4.665606
1168.093750	4.709345
1169.093750	4.709345
1170.093750	4.709345
1171.093750	4.694765
1172.093750	4.709345
1173.093750	4.723924
1174.093750	4.723924
1175.093750	4.709345
1176.093750	4.723924
1177.093750	4.709345
1178.093750	4.694765
1179.093750	4.723924
1180.093750	4.694765
1181.093750	4.738504
1182.093750	4.723924
1183.093750	4.694765
1184.093750	4.723924
1185.093750	4.723924
1186.093750	4.709345
1187.093750	4.694765
1188.093750	4.753083
1189.093750	4.709345
1190.093750	4.723924
1191.093750	4.694765
1192.093750	4.738504
1193.093750	4.723924
1194.093750	4.694765
1195.093750	4.709345
1196.093750	4.709345
1197.093750	4.709345
1198.093750	4.709345
1199.093750	4.680186
1200.093750	4.680186
1201.093750	4.694765
1202.093750	4.680186
1203.093750	4.709345
1204.093750	4.723924
1205.093750	4.694765
1206.093750	4.709345
1207.093750	4.694765
1208.093750	4.723924
1209.093750	4.694765
1210.093750	4.738504
1211.093750	4.723924
1212.093750	4.694765
1213.093750	4.709345
1214.093750	4.723924
1215.093750	4.709345
1216.093750	4.694765
1217.093750	4.680186
1218.093750	4.709345
1219.093750	4.709345
1220.093750	4.680186
1221.093750	4.694765
1222.093750	4.680186
1223.093750	4.680186
1224.093750	4.665606
1225.093750	4.680186
1226.093750	4.694765
1227.093750	4.709345
1228.093750	4.694765
1229.093750	4.694765
1230.093750	4.694765
1231.093750	4.709345
1232.093750	4.680186
1233.093750	4.680186
1234.093750	4.665606
1235.093750	4.665606
1236.093750	4.665606
1237.093750	4.665606
1238.093750	4.665606
1239.093750	4.665606
1240.093750	4.665606
1241.093750	4.636447
1242.093750	4.665606
1243.093750	4.665606
1244.093750	4.665606
1245.093750	4.651026
1246.093750	4.665606
1247.093750	4.651026
1248.093750	4.636447
1249.093750	4.636447
1250.093750	4.636447
1251.093750	4.651026
1252.093750	4.651026
1253.093750	4.665606
1254.093750	4.665606
1255.093750	4.651026
1256.093750	4.651026
1257.093750	4.621867
1258.093750	4.636447
1259.093750	4.621867
1260.093750	4.651026
1261.093750	4.651026
1262.093750	4.636447
1263.093750	4.621867
1264.093750	4.636447
1265.093750	4.636447
1266.093750	4.607288
1267.093750	4.636447
1268.093750	4.651026
1269.093750	4.636447
1270.093750	4.651026
1271.093750	4.621867
1272.093750	4.651026
1273.093750	4.621867
1274.093750	4.607288
1275.093750	4.621867
1276.093750	4.607288
1277.093750	4.621867
1278.093750	4.621867
1279.093750	4.607288
1280.093750	4.665606
1281.093750	4.578129
1282.093750	4.607288
1283.093750	4.592708
1284.093750	4.607288
1285.093750	4.621867
1286.093750	4.607288
1287.093750	4.592708
1288.093750	4.607288
1289.093750	4.592708
1290.093750	4.607288
1291.093750	4.578129
1292.093750	4.592708
1293.093750	4.578129
1294.093750	4.592708
1295.093750	4.548969
1296.093750	4.563549
1297.093750	4.563549
1298.093750	4.563549
1299.093750	4.578129
1300.093750	4.563549
1301.093750	4.578129
1302.093750	4.578129
1303.093750	4.578129
1304.093750	4.578129
1305.093750	4.563549
1306.093750	4.607288
1307.093750	4.563549
1308.093750	4.563549
1309.093750	4.534390
1310.093750	4.563549
1311.093750	4.548969
1312.093750	4.548969
1313.093750	4.548969
1314.093750	4.578129
1315.093750	4.548969
1316.093750	4.548969
1317.093750	4.563549
1318.093750	4.563549
1319.093750	4.534390
1320.093750	4.534390
1321.093750	4.548969
1322.093750	4.534390
1323.093750	4.548969
1324.093750	4.563549
1325.093750	4.548969
1326.093750	4.519810
1327.093750	4.519810
1328.093750	4.534390
1329.093750	4.519810
1330.093750	4.548969
1331.093750	4.505231
1332.093750	4.534390
1333.093750	4.534390
1334.093750	4.534390
1335.093750	4.534390
1336.093750	4.534390
1337.093750	4.534390
1338.093750	4.519810
1339.093750	4.534390
1340.093750	4.505231
1341.093750	4.505231
1342.093750	4.490651
1343.093750	4.519810
1344.093750	4.519810
1345.093750	4.519810
1346.093750	4.505231
1347.093750	4.519810
1348.093750	4.490651
1349.093750	4.519810
1350.093750	4.490651
1351.093750	4.519810
1352.093750	4.505231
1353.093750	4.476072
1354.093750	4.490651
1355.093750	4.476072
1356.093750	4.505231
1357.093750	4.490651
1358.093750	4.490651
1359.093750	4.490651
1360.093750	4.490651
1361.093750	4.476072
1362.093750	4.490651
1363.093750	4.446912
1364.093750	4.476072
1365.093750	4.490651
1366.093750	4.490651
1367.093750	4.490651
1368.093750	4.490651
1369.093750	4.476072
1370.093750	4.476072
1371.093750	4.490651
1372.093750	4.490651
1373.093750	4.476072
1374.093750	4.461492
1375.093750	4.490651
1376.093750	4.490651
1377.093750	4.476072
1378.093750	4.461492
1379.093750	4.461492
1380.093750	4.446912
1381.093750	4.476072
1382.093750	4.476072
1383.093750	4.461492
1384.093750	4.490651
1385.093750	4.461492
1386.093750	4.446912
1387.093750	4.490651
1388.093750	4.446912
1389.093750	4.476072
1390.093750	4.461492
1391.093750	4.446912
1392.093750	4.446912
1393.093750	4.461492
1394.093750	4.461492
1395.093750	4.446912
1396.093750	4.461492
1397.093750	4.432333
1398.093750	4.446912
1399.093750	4.461492
1400.093750	4.446912
1401.093750	4.461492
1402.093750	4.432333
1403.093750	4.432333
1404.093750	4.432333
1405.093750	4.476072
1406.093750	4.461492
1407.093750	4.432333
1408.093750	4.476072
1409.093750	4.446912
1410.093750	4.446912
1411.093750	4.446912
1412.093750	4.417753
1413.093750	4.461492
1414.093750	4.476072
1415.093750	4.432333
1416.093750	4.446912
1417.093750	4.446912
1418.093750	4.461492
1419.093750	4.432333
1420.093750	4.446912
1421.093750	4.432333
1422.093750	4.432333
1423.093750	4.432333
1424.093750	4.417753
1425.093750	4.417753
1426.093750	4.432333
1427.093750	4.417753
1428.093750	4.432333
1429.093750	4.417753
1430.093750	4.417753
1431.093750	4.403174
1432.093750	4.417753
1433.093750	4.403174
1434.093750	4.417753
1435.093750	4.417753
1436.093750	4.388594
1437.093750	4.403174
1438.093750	4.403174
1439.093750	4.417753
1440.093750	4.403174
1441.093750	4.403174
1442.093750	4.432333
1443.093750	4.417753
1444.093750	4.417753
1445.093750	4.432333
1446.093750	4.417753
1447.093750	4.417753
1448.093750	4.388594
1449.093750	4.417753
1450.093750	4.417753
1451.093750	4.388594
1452.093750	4.417753
1453.093750	4.403174
1454.093750	4.374015
1455.093750	4.432333
1456.093750	4.403174
1457.093750	4.388594
1458.093750	4.388594
1459.093750	4.388594
1460.093750	4.403174
1461.093750	4.403174
1462.093750	4.374015
1463.109375	4.388594
1464.109375	4.359435
1465.109375	4.374015
1466.109375	4.359435
1467.109375	4.374015
1468.109375	4.374015
1469.109375	4.374015
1470.109375	4.388594
1471.109375	4.374015
1472.109375	4.374015
1473.109375	4.344855
1474.109375	4.359435
1475.109375	4.374015
1476.109375	4.374015
1477.109375	4.374015
1478.109375	4.359435
1479.109375	4.374015
1480.109375	4.374015
1481.109375	4.359435
1482.109375	4.359435
1483.109375	4.374015
1484.109375	4.344855
1485.109375	4.344855
1486.109375	4.344855
1487.109375	4.344855
1488.109375	4.359435
1489.109375	4.330276
1490.109375	4.359435
1491.109375	4.330276
1492.109375	4.359435
1493.109375	4.359435
1494.109375	4.330276
1495.109375	4.330276
1496.109375	4.330276
1497.109375	4.330276
1498.109375	4.344855
1499.109375	4.315696
1500.109375	4.344855
1501.109375	4.330276
1502.109375	4.344855
1503.109375	4.359435
1504.109375	4.344855
1505.109375	4.344855
1506.109375	4.359435
1507.109375	4.330276
1508.109375	4.344855
1509.109375	4.330276
1510.109375	4.359435
1511.109375	4.330276
1512.109375	4.374015
1513.109375	4.374015
1514.109375	4.344855
1515.109375	4.359435
1516.109375	4.344855
1517.109375	4.330276
1518.109375	4.330276
1519.109375	4.344855
1520.109375	4.330276
1521.109375	4.344855
1522.109375	4.330276
1523.109375	4.359435
1524.109375	4.315696
1525.109375	4.330276
1526.109375	4.344855
1527.109375	4.330276
1528.109375	4.330276
1529.109375	4.330276
1530.109375	4.344855
1531.109375	4.315696
1532.109375	4.315696
1533.109375	4.359435
1534.109375	4.359435
1535.109375	4.330276
1536.109375	4.315696
1537.109375	4.344855
1538.109375	4.344855
1539.109375	4.344855
1540.109375	4.330276
1541.109375	4.315696
1542.109375	4.315696
1543.109375	4.315696
1544.109375	4.330276
1545.109375	4.330276
1546.109375	4.315696
1547.109375	4.330276
1548.109375	4.344855
1549.109375	4.315696
1550.109375	4.344855
1551.109375	4.315696
1552.109375	4.301117
1553.109375	4.330276
1554.109375	4.315696
1555.109375	4.315696
1556.109375	4.315696
1557.109375	4.330276
1558.109375	4.315696
1559.109375	4.315696
1560.109375	4.315696
1561.109375	4.301117
1562.109375	4.315696
1563.109375	4.315696
1564.109375	4.330276
1565.109375	4.315696
1566.109375	4.315696
1567.109375	4.315696
1568.109375	4.315696
1569.109375	4.315696
1570.109375	4.301117
1571.109375	4.301117
1572.109375	4.315696
1573.109375	4.315696
1574.109375	4.315696
1575.109375	4.330276
1576.109375	4.315696
1577.109375	4.315696
1578.109375	4.315696
1579.109375	4.315696
1580.109375	4.301117
1581.109375	4.315696
1582.109375	4.301117
1583.109375	4.315696
1584.109375	4.301117
1585.109375	4.315696
1586.109375	4.330276
1587.109375	4.286537
1588.109375	4.315696
1589.109375	4.315696
1590.109375	4.315696
1591.109375	4.315696
1592.109375	4.301117
1593.109375	4.315696
1594.109375	4.330276
1595.109375	4.330276
1596.109375	4.330276
1597.109375	4.315696
1598.109375	4.330276
1599.109375	4.330276
1600.109375	4.301117
1601.109375	4.301117
1602.109375	4.315696
1603.109375	4.301117
1604.109375	4.315696
1605.109375	4.301117
1606.109375	4.315696
1607.109375	4.315696
1608.109375	4.301117
1609.109375	4.330276
1610.109375	4.301117
1611.109375	4.315696
1612.109375	4.301117
1613.109375	4.315696
1614.109375	4.344855
1615.109375	4.315696
1616.109375	4.330276
1617.109375	4.315696
1618.109375	4.330276
1619.109375	4.301117
1620.109375	4.315696
1621.109375	4.315696
1622.109375	4.315696
1623.109375	4.315696
1624.109375	4.315696
1625.109375	4.301117
1626.109375	4.315696
1627.109375	4.315696
1628.109375	4.315696
1629.109375	4.315696
1630.109375	4.315696
1631.109375	4.330276
1632.109375	4.315696
1633.109375	4.330276
1634.109375	4.301117
1635.109375	4.315696
1636.109375	4.315696
1637.109375	4.301117
1638.109375	4.315696
1639.109375	4.315696
1640.109375	4.330276
1641.109375	4.330276
1642.109375	4.315696
1643.109375	4.315696
1644.109375	4.315696
1645.109375	4.330276
1646.109375	4.330276
1647.109375	4.344855
1648.109375	4.330276
1649.109375	4.315696
1650.109375	4.315696
1651.109375	4.344855
1652.109375	4.330276
1653.109375	4.344855
1654.109375	4.359435
1655.109375	4.315696
1656.109375	4.330276
1657.109375	4.315696
1658.109375	4.330276
1659.109375	4.301117
1660.109375	4.301117
1661.109375	4.315696
1662.109375	4.330276
1663.109375	4.344855
1664.109375	4.315696
1665.109375	4.344855
1666.109375	4.315696
1667.109375	4.315696
1668.109375	4.315696
1669.109375	4.330276
1670.109375	4.315696
1671.109375	4.315696
1672.109375	4.330276
1673.109375	4.315696
1674.109375	4.315696
1675.109375	4.330276
1676.109375	4.315696
1677.109375	4.315696
1678.109375	4.330276
1679.109375	4.330276
1680.109375	4.330276
1681.109375	4.344855
1682.109375	4.330276
1683.109375	4.330276
1684.109375	4.344855
1685.109375	4.315696
1686.109375	4.359435
1687.109375	4.315696
1688.109375	4.315696
1689.109375	4.315696
1690.109375	4.315696
1691.109375	4.330276
1692.109375	4.330276
1693.109375	4.330276
1694.109375	4.330276
1695.109375	4.315696
1696.109375	4.315696
1697.109375	4.315696
1698.109375	4.344855
1699.109375	4.301117
1700.109375	4.344855
1701.109375	4.330276
1702.109375	4.330276
1703.109375	4.315696
1704.109375	4.315696
1705.109375	4.315696
1706.109375	4.315696
1707.109375	4.330276
1708.109375	4.301117
1709.109375	4.315696
1710.109375	4.315696
1711.109375	4.330276
1712.109375	4.315696
1713.109375	4.315696
1714.109375	4.315696
1715.109375	4.315696
1716.109375	4.330276
1717.109375	4.315696
1718.109375	4.315696
1719.109375	4.359435
1720.109375	4.344855
1721.109375	4.330276
1722.109375	4.344855
1723.109375	4.315696
1724.109375	4.315696
1725.109375	4.301117
1726.109375	4.315696
1727.109375	4.344855
1728.109375	4.330276
1729.109375	4.330276
1730.109375	4.315696
1731.109375	4.315696
1732.109375	4.315696
1733.109375	4.330276
1734.109375	4.315696
1735.109375	4.359435
1736.109375	4.315696
1737.109375	4.330276
1738.109375	4.330276
1739.109375	4.330276
1740.109375	4.330276
1741.109375	4.301117
1742.109375	4.330276
1743.109375	4.315696
1744.109375	4.315696
1745.109375	4.330276
1746.109375	4.344855
1747.109375	4.315696
1748.109375	4.315696
1749.109375	4.315696
1750.109375	4.330276
1751.109375	4.330276
1752.109375	4.315696
1753.109375	4.315696
1754.109375	4.315696
1755.109375	4.315696
1756.109375	4.301117
1757.109375	4.330276
1758.109375	4.330276
