0.000000	5.234209
1.000000	5.219630
2.000000	5.219630
3.000000	5.219630
4.000000	5.219630
5.000000	5.234209
6.000000	5.248789
7.000000	5.234209
8.000000	5.248789
9.000000	5.248789
10.000000	5.219630
11.000000	5.248789
12.000000	5.248789
13.000000	5.234209
14.000000	5.263369
15.000000	5.234209
16.000000	5.248789
17.000000	5.234209
18.000000	5.219630
19.000000	5.219630
20.000000	5.234209
21.000000	5.219630
22.000000	5.234209
23.000000	5.205050
24.000000	5.248789
25.000000	5.248789
26.000000	5.248789
27.000000	5.234209
28.000000	5.234209
29.000000	5.248789
30.000000	5.234209
31.000000	5.234209
32.000000	5.219630
33.000000	5.205050
34.000000	5.234209
35.000000	5.190471
36.000000	5.234209
37.000000	5.219630
38.000000	5.219630
39.000000	5.219630
40.000000	5.248789
41.000000	5.248789
42.000000	5.248789
43.000000	5.234209
44.000000	5.219630
45.000000	5.205050
46.000000	5.219630
47.000000	5.219630
48.000000	5.190471
49.000000	5.219630
50.000000	5.205050
51.000000	5.219630
52.000000	5.234209
53.000000	5.190471
54.000000	5.190471
55.000000	5.190471
56.000000	5.205050
57.000000	5.190471
58.000000	5.190471
59.000000	5.190471
60.000000	5.234209
61.000000	5.205050
62.000000	5.219630
63.000000	5.219630
64.000000	5.219630
65.000000	5.190471
66.000000	5.205050
67.000000	5.205050
68.000000	5.219630
69.000000	5.219630
70.000000	5.234209
71.000000	5.219630
72.000000	5.234209
73.000000	5.219630
74.000000	5.234209
75.000000	5.205050
76.000000	5.190471
77.000000	5.190471
78.000000	5.205050
79.000000	5.219630
80.000000	5.219630
81.000000	5.219630
82.000000	5.205050
83.000000	5.205050
84.000000	5.219630
85.000000	5.248789
86.000000	5.219630
87.000000	5.205050
88.000000	5.219630
89.000000	5.190471
90.000000	5.190471
91.000000	5.219630
92.000000	5.234209
93.000000	5.219630
94.000000	5.219630
95.000000	5.205050
96.000000	5.205050
97.000000	5.219630
98.000000	5.205050
99.000000	5.234209
100.000000	5.219630
101.000000	5.234209
102.000000	5.234209
103.000000	5.190471
104.000000	5.205050
105.000000	5.190471
106.000000	5.248789
107.000000	5.219630
108.000000	5.219630
109.000000	5.234209
110.000000	5.190471
111.000000	5.205050
112.000000	5.205050
113.000000	5.205050
114.000000	5.190471
115.000000	5.205050
116.000000	5.205050
117.000000	5.248789
118.000000	5.190471
119.000000	5.219630
120.000000	5.219630
121.000000	5.190471
122.000000	5.219630
123.000000	5.234209
124.000000	5.205050
125.000000	5.219630
126.000000	5.190471
127.000000	5.205050
128.000000	5.219630
129.000000	5.205050
130.000000	5.234209
131.000000	5.205050
132.000000	5.219630
133.000000	5.234209
134.000000	5.190471
135.000000	5.190471
136.000000	5.219630
137.000000	5.205050
138.000000	5.205050
139.000000	5.190471
140.000000	5.219630
141.000000	5.219630
142.000000	5.219630
143.000000	5.205050
144.000000	5.205050
145.000000	5.190471
146.000000	5.205050
147.000000	5.175891
148.000000	5.219630
149.000000	5.205050
150.000000	5.219630
151.000000	5.205050
152.000000	5.205050
153.000000	5.190471
154.000000	5.190471
155.000000	5.205050
156.000000	5.190471
157.000000	5.190471
158.000000	5.190471
159.000000	5.205050
160.000000	5.190471
161.000000	5.205050
162.000000	5.205050
163.000000	5.205050
164.000000	5.205050
165.000000	5.205050
166.000000	5.219630
167.000000	5.190471
168.000000	5.219630
169.000000	5.205050
170.000000	5.234209
171.000000	5.205050
172.000000	5.234209
173.000000	5.205050
174.000000	5.219630
175.000000	5.219630
176.000000	5.219630
177.000000	5.219630
178.000000	5.219630
179.000000	5.219630
180.000000	5.205050
181.000000	5.234209
182.000000	5.234209
183.000000	5.234209
184.000000	5.248789
185.000000	5.219630
186.000000	5.219630
187.000000	5.219630
188.000000	5.234209
189.000000	5.219630
190.000000	5.219630
191.000000	5.234209
192.000000	5.205050
193.000000	5.219630
194.000000	5.205050
195.000000	5.219630
196.000000	5.234209
197.000000	5.219630
198.000000	5.219630
199.000000	5.205050
200.000000	5.219630
201.000000	5.205050
202.000000	5.219630
203.000000	5.234209
204.000000	5.219630
205.000000	5.219630
206.000000	5.248789
207.000000	5.248789
208.000000	5.248789
209.000000	5.248789
210.000000	5.219630
211.000000	5.234209
212.000000	5.248789
213.000000	5.219630
214.000000	5.234209
215.000000	5.219630
216.000000	5.234209
217.000000	5.219630
218.000000	5.219630
219.000000	5.219630
220.000000	5.219630
221.000000	5.248789
222.000000	5.248789
223.000000	5.205050
224.000000	5.190471
225.000000	5.190471
226.000000	5.219630
227.000000	5.190471
228.000000	5.219630
229.000000	5.219630
230.000000	5.219630
231.000000	5.205050
232.000000	5.205050
233.000000	5.234209
234.000000	5.190471
235.000000	5.190471
236.000000	5.219630
237.000000	5.234209
238.000000	5.219630
239.000000	5.190471
240.000000	5.219630
241.000000	5.205050
242.000000	5.219630
243.000000	5.234209
244.000000	5.219630
245.000000	5.219630
246.000000	5.205050
247.000000	5.205050
248.000000	5.234209
249.000000	5.219630
250.000000	5.190471
251.000000	5.219630
252.000000	5.190471
253.000000	5.205050
254.000000	5.205050
255.000000	5.205050
256.000000	5.175891
257.000000	5.190471
258.000000	5.205050
259.000000	5.219630
260.000000	5.205050
261.000000	5.219630
262.000000	5.234209
263.000000	5.248789
264.000000	5.219630
265.000000	5.219630
266.000000	5.190471
267.000000	5.219630
268.000000	5.219630
269.000000	5.205050
270.000000	5.205050
271.000000	5.219630
272.000000	5.234209
273.000000	5.219630
274.000000	5.205050
275.000000	5.190471
276.000000	5.205050
277.000000	5.190471
278.000000	5.219630
279.000000	5.205050
280.000000	5.205050
281.000000	5.234209
282.000000	5.234209
283.000000	5.248789
284.000000	5.190471
285.000000	5.219630
286.000000	5.219630
287.000000	5.190471
288.000000	5.175891
289.000000	5.219630
290.000000	5.248789
291.000000	5.205050
292.000000	5.190471
293.000000	5.205050
294.000000	5.234209
295.000000	5.219630
296.000000	5.205050
297.000000	5.219630
298.000000	5.248789
299.000000	5.234209
300.000000	5.205050
301.000000	5.234209
302.000000	5.219630
303.000000	5.219630
304.000000	5.219630
305.000000	5.205050
306.000000	5.205050
307.000000	5.219630
308.000000	5.219630
309.000000	5.205050
310.000000	5.219630
311.000000	5.205050
312.000000	5.190471
313.000000	5.219630
314.000000	5.219630
315.000000	5.190471
316.000000	5.190471
317.000000	5.219630
318.000000	5.219630
319.000000	5.205050
320.000000	5.219630
321.000000	5.219630
322.000000	5.219630
323.000000	5.205050
324.000000	5.219630
325.000000	5.219630
326.000000	5.205050
327.000000	5.234209
328.000000	5.219630
329.000000	5.205050
330.000000	5.219630
331.000000	5.205050
332.000000	5.219630
333.000000	5.234209
334.000000	5.219630
335.000000	5.219630
336.000000	5.219630
337.000000	5.219630
338.000000	5.219630
339.000000	5.205050
340.000000	5.190471
341.000000	5.219630
342.000000	5.219630
343.000000	5.219630
344.000000	5.205050
345.000000	5.175891
346.000000	5.190471
347.000000	5.219630
348.000000	5.219630
349.000000	5.219630
350.000000	5.219630
351.000000	5.234209
352.000000	5.219630
353.000000	5.219630
354.000000	5.190471
355.000000	5.248789
356.000000	5.219630
357.000000	5.219630
358.000000	5.205050
359.000000	5.219630
360.000000	5.190471
361.000000	5.190471
362.000000	5.234209
363.000000	5.205050
364.015625	5.205050
365.015625	5.234209
366.015625	5.190471
367.015625	5.234209
368.015625	5.205050
369.015625	5.219630
370.015625	5.190471
371.015625	5.205050
372.015625	5.205050
373.015625	5.248789
374.015625	5.219630
375.015625	5.219630
376.015625	5.190471
377.015625	5.219630
378.015625	5.190471
379.015625	5.190471
380.031250	5.205050
381.031250	5.248789
382.031250	5.219630
383.031250	5.219630
384.031250	5.234209
385.031250	5.219630
386.031250	5.234209
387.031250	5.205050
388.031250	5.205050
389.031250	5.190471
390.031250	5.190471
391.031250	5.205050
392.031250	5.205050
393.031250	5.205050
394.031250	5.234209
395.046875	5.234209
396.046875	5.234209
397.046875	5.234209
398.046875	5.219630
399.046875	5.205050
400.046875	5.205050
401.046875	5.190471
402.046875	5.219630
403.046875	5.190471
404.046875	5.234209
405.046875	5.234209
406.046875	5.190471
407.046875	5.219630
408.046875	5.190471
409.046875	5.205050
410.046875	5.219630
411.046875	5.205050
412.046875	5.219630
413.046875	5.234209
414.046875	5.219630
415.046875	5.205050
416.046875	5.205050
417.046875	5.219630
418.046875	5.219630
419.046875	5.234209
420.046875	5.219630
421.046875	5.205050
422.046875	5.234209
423.046875	5.219630
424.046875	5.205050
425.046875	5.219630
426.046875	5.234209
